975.90 295.60 15.410
21.00 296.11 15.833 -1.549 2.212
33.40 296.58 16.190 -1.696 2.714
43.20 296.91 16.275 -2.015 3.103
51.30 297.14 16.274 -2.279 3.647
59.70 297.37 16.260 -2.544 4.071
68.20 297.58 16.225 -2.781 4.629
78.20 297.82 16.184 -2.950 5.110
89.10 298.09 16.155 -3.150 5.456
99.20 298.28 16.083 -3.297 5.947
109.00 298.42 16.007 -3.380 6.357
118.50 298.55 15.939 -3.450 6.772
127.00 298.66 15.891 -3.463 7.100
134.90 298.81 15.874 -3.465 7.432
143.80 299.01 15.840 -3.417 7.674
153.30 299.17 15.718 -3.360 7.916
160.90 299.25 15.626 -3.297 8.159
168.60 299.31 15.575 -3.225 8.402
177.70 299.39 15.539 -3.112 8.551
187.00 299.44 15.487 -3.028 8.793
195.40 299.52 15.445 -2.905 8.940
202.70 299.66 15.408 -2.778 9.085
210.70 299.77 15.346 -2.646 9.228
218.30 299.82 15.271 -2.511 9.369
225.30 299.91 15.193 -2.395 9.606
232.20 300.01 15.123 -2.250 9.744
241.30 300.12 15.043 -2.121 9.977
252.30 300.30 14.960 -1.965 10.111
261.70 300.49 14.890 -1.823 10.340
269.90 300.68 14.830 -1.674 10.568
278.30 300.83 14.774 -1.705 10.766
286.70 300.88 14.703 -1.545 10.992
294.90 300.93 14.678 -1.559 11.091
304.00 300.98 14.662 -1.389 11.315
313.70 301.01 14.634 -1.414 11.514
322.40 301.04 14.616 -1.233 11.735
332.50 301.09 14.619 -1.254 11.934
342.50 301.15 14.631 -1.275 12.133
350.00 301.18 14.618 -1.296 12.332
356.10 301.21 14.625 -1.317 12.531
362.00 301.23 14.589 -1.338 12.730
368.60 301.27 14.534 -1.133 12.951
376.50 301.29 14.478 -1.150 13.150
384.60 301.32 14.470 -1.159 13.249
391.40 301.33 14.494 -1.177 13.449
398.70 301.34 14.479 -0.949 13.567
406.70 301.37 14.453 -0.956 13.667
413.70 301.41 14.470 -0.717 13.681
421.10 301.42 14.488 -0.482 13.792
428.70 301.43 14.498 -0.241 13.798
436.20 301.48 14.510 -0.241 13.798
442.80 301.52 14.508 0.000 13.700
449.40 301.56 14.511 0.237 13.598
457.30 301.59 14.573 0.471 13.492
466.60 301.69 14.922 0.468 13.392
476.60 301.83 15.658 0.696 13.282
484.80 301.93 16.190 0.686 13.082
492.70 301.97 16.471 0.900 12.869
500.60 301.99 16.610 0.893 12.769
508.90 302.03 16.699 0.879 12.569
517.80 302.10 16.661 0.865 12.370
526.80 302.18 16.557 0.851 12.170
535.20 302.25 16.477 0.837 11.971
542.80 302.32 16.403 0.618 11.784
551.20 302.40 16.298 0.607 11.584
560.10 302.45 16.194 0.597 11.384
568.30 302.50 16.058 0.591 11.285
575.30 302.54 15.933 0.581 11.085
581.90 302.61 15.743 0.570 10.885
588.20 302.71 15.460 0.565 10.785
595.40 302.84 15.109 0.560 10.685
603.20 302.95 14.745 0.550 10.486
610.50 303.05 14.496 0.544 10.386
617.10 303.14 14.241 0.539 10.286
624.20 303.23 13.901 0.712 10.175
632.40 303.34 13.638 0.705 10.075
640.00 303.42 13.476 0.880 10.062
646.60 303.51 13.388 0.872 9.962
653.90 303.59 13.332 1.045 9.945
660.90 303.65 13.284 1.045 9.945
667.90 303.69 13.267 1.219 9.925
675.40 303.69 13.246 1.392 9.903
683.20 303.71 13.241 1.406 10.002
690.80 303.72 13.239 1.580 9.976
697.70 303.73 13.236 1.580 9.976
704.30 303.72 13.225 1.771 10.045
712.10 303.73 13.198 1.771 10.045
719.40 303.74 13.186 1.946 10.013
726.40 303.75 13.189 1.946 10.013
733.70 303.77 13.182 1.946 10.013
740.40 303.76 13.122 1.946 10.013
747.50 303.76 13.102 1.946 10.013
755.00 303.77 13.148 2.121 9.977
761.90 303.78 13.161 2.121 9.977
768.90 303.80 13.171 2.100 9.879
776.20 303.80 13.177 2.100 9.879
783.00 303.80 13.203 2.100 9.879
789.90 303.81 13.294 2.079 9.781
797.30 303.85 13.339 2.079 9.781
804.20 303.85 13.348 2.079 9.781
811.40 303.85 13.382 2.058 9.684
818.70 303.86 13.407 2.038 9.586
825.60 303.86 13.414 2.038 9.586
832.40 303.87 13.440 2.182 9.451
839.40 303.87 13.465 2.160 9.354
846.80 303.89 13.489 2.298 9.218
855.00 303.90 13.529 2.274 9.121
862.60 303.93 13.556 2.407 8.983
869.90 303.97 13.556 2.536 8.844
876.80 304.01 13.589 2.661 8.702
883.50 304.04 13.623 2.781 8.560
890.70 304.05 13.615 2.898 8.415
897.50 304.07 13.666 2.865 8.321
904.50 304.09 13.755 2.941 8.081
911.80 304.11 13.873 3.010 7.842
919.00 304.13 14.025 2.939 7.655
927.10 304.15 14.133 2.867 7.469
934.70 304.18 14.214 2.795 7.282
942.10 304.25 14.334 2.688 7.002
950.50 304.42 14.221 2.580 6.722
959.40 304.67 13.739 2.394 6.578
969.00 304.96 13.225 2.292 6.296
977.30 305.13 12.921 2.116 6.146
986.30 305.35 12.644 1.947 5.992
996.10 305.50 12.427 1.681 5.864
1003.80 305.55 12.304 1.553 5.796
1010.40 305.63 12.181 1.427 5.725
1017.20 305.70 12.054 1.206 5.673
1024.10 305.82 11.912 0.990 5.613
1031.60 305.95 11.744 0.892 5.630
1039.70 306.05 11.637 0.682 5.558
1047.30 306.15 11.568 0.585 5.569
1054.50 306.24 11.523 0.384 5.487
1062.20 306.28 11.482 0.288 5.492
1070.80 306.28 11.441 0.188 5.397
1079.50 306.29 11.403 0.094 5.399
1087.90 306.30 11.381 0.000 5.300
1095.60 306.32 11.393 0.000 5.200
1102.90 306.33 11.502 -0.089 5.099
1110.40 306.35 11.722 -0.087 4.999
1117.20 306.37 11.875 -0.086 4.899
1123.80 306.38 12.025 -0.084 4.799
1130.60 306.40 12.098 -0.082 4.699
1137.30 306.42 12.048 -0.080 4.599
1144.60 306.47 11.910 -0.079 4.499
1151.40 306.51 11.804 -0.077 4.399
1157.70 306.53 11.742 -0.077 4.399
1164.50 306.56 11.810 -0.075 4.299
1171.40 306.59 11.938 -0.073 4.199
1178.10 306.61 12.047 -0.072 4.099
1185.90 306.62 12.163 -0.143 4.098
1193.50 306.64 12.294 -0.140 3.998
1200.60 306.63 12.576 -0.136 3.898
1207.70 306.61 12.924 -0.204 3.895
1214.90 306.61 13.181 -0.136 3.898
1223.20 306.62 13.327 -0.133 3.798
1232.10 306.65 13.335 -0.133 3.798
1240.20 306.68 13.265 -0.066 3.799
1247.00 306.71 13.239 0.000 3.700
1253.30 306.71 13.289 0.065 3.699
1260.40 306.71 13.350 0.194 3.695
1267.70 306.72 13.351 0.258 3.691
1274.40 306.72 13.333 0.322 3.686
1281.40 306.73 13.330 0.451 3.672
1288.80 306.74 13.320 0.515 3.664
1296.80 306.76 13.298 0.579 3.654
1304.50 306.77 13.293 0.642 3.644
1311.90 306.78 13.326 0.687 3.534
1319.20 306.77 13.287 0.687 3.534
1325.60 306.76 13.225 0.748 3.521
1331.70 306.80 13.200 0.748 3.521
1339.20 306.90 13.073 0.748 3.521
1346.30 306.97 12.904 0.728 3.424
1352.50 307.01 12.836 0.728 3.424
1359.60 307.04 12.793 0.728 3.424
1366.80 307.06 12.753 0.668 3.436
1373.20 307.07 12.726 0.668 3.436
1379.90 307.09 12.711 0.668 3.436
1386.80 307.11 12.673 0.590 3.348
1393.20 307.12 12.639 0.590 3.348
1400.10 307.13 12.589 0.590 3.348
1407.00 307.16 12.452 0.590 3.348
1414.70 307.21 12.203 0.532 3.358
1422.30 307.25 12.012 0.532 3.358
1429.40 307.28 11.891 0.548 3.457
1436.40 307.31 11.786 0.548 3.457
1442.80 307.32 11.684 0.548 3.457
1449.50 307.35 11.594 0.548 3.457
1456.70 307.35 11.784 0.548 3.457
1463.60 307.31 12.182 0.608 3.447
1470.20 307.28 12.472 0.608 3.447
1476.80 307.26 12.581 0.625 3.545
1483.90 307.26 12.597 0.625 3.545
1490.80 307.25 12.577 0.687 3.534
1497.90 307.25 12.580 0.687 3.534
1505.20 307.26 12.703 0.687 3.534
1513.20 307.26 13.033 0.748 3.521
1520.40 307.23 13.287 0.748 3.521
1527.30 307.25 13.338 0.748 3.521
1534.40 307.25 13.321 0.748 3.521
1541.60 307.27 13.332 0.748 3.521
1549.30 307.29 13.305 0.748 3.521
1556.90 307.32 13.214 0.748 3.521
1563.90 307.39 13.024 0.748 3.521
1570.80 307.47 12.915 0.748 3.521
1578.30 307.52 12.894 0.748 3.521
1586.00 307.56 12.846 0.748 3.521
1593.20 307.59 12.741 0.748 3.521
1601.20 307.61 12.624 0.728 3.424
1608.30 307.63 12.552 0.728 3.424
1615.10 307.64 12.540 0.728 3.424
1622.60 307.64 12.543 0.707 3.326
1630.40 307.66 12.530 0.707 3.326
1637.30 307.68 12.535 0.765 3.313
1644.20 307.67 12.507 0.742 3.215
1652.20 307.69 12.453 0.686 3.228
1659.80 307.71 12.409 0.686 3.228
1667.10 307.75 12.362 0.665 3.130
1674.30 307.78 12.360 0.665 3.130
1681.20 307.82 12.391 0.611 3.141
1688.40 307.86 12.364 0.556 3.151
1695.50 307.91 12.292 0.556 3.151
1702.60 307.96 12.161 0.556 3.151
1710.10 308.02 12.037 0.485 3.062
1717.50 308.09 11.860 0.485 3.062
1724.40 308.13 11.704 0.431 3.070
1731.60 308.16 11.638 0.431 3.070
1739.50 308.19 11.591 0.431 3.070
1747.00 308.19 11.542 0.378 3.077
1755.00 308.21 11.493 0.366 2.978
1763.00 308.24 11.445 0.314 2.984
1770.60 308.25 11.436 0.253 2.889
1778.60 308.26 11.444 0.202 2.893
1787.50 308.28 11.436 0.147 2.796
1795.80 308.33 11.344 0.094 2.698
1803.50 308.35 11.239 0.000 2.600
1811.00 308.37 11.176 -0.044 2.500
1817.80 308.39 11.115 -0.131 2.497
1825.30 308.41 11.055 -0.167 2.394
1833.80 308.48 10.884 -0.240 2.287
1840.60 308.54 10.708 -0.280 2.283
1847.00 308.56 10.616 -0.306 2.179
1854.10 308.59 10.575 -0.382 2.167
1861.40 308.60 10.556 -0.420 2.160
1868.10 308.61 10.553 -0.420 2.160
1875.20 308.61 10.546 -0.457 2.152
1882.40 308.63 10.534 -0.495 2.144
1889.90 308.64 10.487 -0.569 2.125
1897.40 308.68 10.430 -0.606 2.115
1904.40 308.69 10.397 -0.643 2.104
1911.80 308.72 10.383 -0.680 2.092
1919.00 308.75 10.262 -0.752 2.067
1926.00 308.81 10.046 -0.788 2.054
1933.20 308.87 9.825 -0.860 2.025
1940.70 308.92 9.709 -0.895 2.010
1948.10 308.98 9.777 -0.964 1.977
1955.40 309.01 9.997 -0.999 1.960
1962.60 309.08 10.110 -1.033 1.942
1969.90 309.14 10.283 -1.018 1.837
1977.50 309.18 10.349 -1.050 1.819
1984.30 309.20 10.294 -1.050 1.819
1991.50 309.24 10.218 -1.082 1.800
1999.20 309.26 10.151 -1.082 1.800
2006.60 309.29 10.104 -1.082 1.800
2013.20 309.32 10.023 -1.082 1.800
2020.20 309.34 10.008 -1.082 1.800
2027.10 309.36 9.986 -1.030 1.714
2034.30 309.41 9.957 -1.030 1.714
2041.20 309.47 9.937 -1.030 1.714
2047.90 309.51 9.926 -1.030 1.714
2054.60 309.54 9.901 -1.030 1.714
2061.60 309.56 9.926 -0.950 1.645
2068.80 309.62 9.947 -0.950 1.645
2075.70 309.63 9.934 -0.921 1.662
2081.40 309.65 9.908 -0.873 1.574
2087.40 309.69 9.859 -0.845 1.589
2094.40 309.71 9.760 -0.817 1.604
2101.90 309.73 9.709 -0.789 1.618
2109.20 309.73 9.604 -0.761 1.631
2116.30 309.78 9.550 -0.732 1.644
2123.70 309.81 9.585 -0.732 1.644
2131.10 309.84 9.578 -0.732 1.644
2139.00 309.87 9.527 -0.732 1.644
2148.20 309.93 9.475 -0.773 1.736
2157.50 309.97 9.409 -0.773 1.736
2165.10 310.02 9.306 -0.845 1.813
2171.40 310.06 9.210 -0.921 1.887
2178.10 310.09 9.132 -0.999 1.960
2185.60 310.11 9.057 -1.080 2.031
2192.30 310.16 8.927 -1.164 2.099
2198.70 310.21 8.783 -1.250 2.165
2205.50 310.26 8.680 -1.300 2.252
2212.50 310.30 8.605 -1.391 2.314
2219.10 310.34 8.575 -1.484 2.375
2225.70 310.35 8.553 -1.579 2.432
2232.30 310.38 8.546 -1.634 2.516
2238.70 310.42 8.507 -1.678 2.487
2245.80 310.49 8.455 -1.733 2.570
2252.90 310.53 8.453 -1.778 2.539
2260.30 310.54 8.443 -1.835 2.621
2267.20 310.58 8.471 -1.881 2.589
2273.30 310.59 8.512 -1.881 2.589
2279.50 310.61 8.549 -1.940 2.670
2286.30 310.63 8.586 -1.986 2.635
2293.70 310.64 8.647 -1.986 2.635
2300.60 310.68 8.705 -1.986 2.635
2307.30 310.73 8.724 -1.986 2.635
2314.10 310.76 8.734 -1.986 2.635
2321.80 310.79 8.745 -2.032 2.600
2329.30 310.81 8.753 -2.032 2.600
2336.10 310.85 8.678 -2.032 2.600
2343.20 310.92 8.616 -2.077 2.565
2350.40 310.96 8.662 -2.121 2.528
2357.10 310.97 8.624 -2.165 2.491
2364.40 310.99 8.562 -2.208 2.452
2372.30 311.05 8.495 -2.251 2.413
2379.70 311.14 8.360 -2.292 2.374
2386.40 311.17 8.329 -2.446 2.362
2393.80 311.20 8.400 -2.487 2.319
2401.70 311.28 8.271 -2.641 2.296
2408.90 311.35 8.198 -2.681 2.250
2415.70 311.41 8.211 -2.798 2.266
2422.40 311.45 8.223 -2.837 2.216
2428.80 311.47 8.253 -2.955 2.227
2435.70 311.51 8.293 -2.993 2.175
2443.30 311.56 8.335 -3.031 2.122
2450.80 311.61 8.372 -3.031 2.122
2457.40 311.64 8.374 -3.031 2.122
2464.80 311.71 8.372 -3.031 2.122
2471.90 311.79 8.398 -2.993 2.175
2478.70 311.86 8.429 -3.035 2.287
2485.80 311.96 8.457 -2.994 2.340
2493.30 312.05 8.450 -2.953 2.391
2500.80 312.09 8.386 -2.868 2.493
2508.40 312.11 8.317 -2.852 2.660
2516.30 312.12 8.299 -2.805 2.709
2524.00 312.15 8.341 -2.779 2.877
2531.70 312.19 8.362 -2.728 2.925
2538.80 312.21 8.335 -2.743 3.047
2546.00 312.25 8.302 -2.700 3.217
2554.30 312.27 8.264 -2.700 3.217
2562.30 312.28 8.203 -2.706 3.342
2569.60 312.30 8.143 -2.706 3.342
2576.60 312.33 8.172 -2.647 3.388
2584.50 312.37 8.137 -2.647 3.388
2592.50 312.41 7.979 -2.709 3.467
2599.40 312.45 7.904 -2.769 3.419
2607.10 312.49 7.892 -2.769 3.419
2615.30 312.52 7.881 -2.769 3.419
2622.80 312.55 7.852 -2.828 3.371
2629.70 312.58 7.851 -2.828 3.371
2636.80 312.62 7.867 -2.887 3.321
2643.90 312.64 7.816 -2.944 3.270
2651.80 312.68 7.762 -3.069 3.291
2659.10 312.69 7.760 -3.069 3.291
2665.60 312.69 7.745 -3.195 3.309
2672.20 312.69 7.714 -3.253 3.253
2679.20 312.72 7.767 -3.381 3.265
2687.10 312.75 7.825 -3.437 3.205
2695.40 312.80 7.832 -3.493 3.145
2703.10 312.83 7.883 -3.567 3.212
2710.30 312.82 7.905 -3.623 3.149
2717.10 312.82 7.925 -3.677 3.085
2723.90 312.84 7.942 -3.677 3.085
2731.10 312.81 7.924 -3.730 3.021
2737.90 312.84 7.914 -3.730 3.021
2745.10 312.90 7.823 -3.653 2.958
2752.70 312.90 7.758 -3.653 2.958
2761.50 312.87 7.806 -3.653 2.958
2769.90 312.89 7.827 -3.575 2.895
2777.40 312.91 7.837 -3.575 2.895
2784.70 312.91 7.837 -3.524 2.957
2792.40 312.94 7.813 -3.524 2.957
2800.00 312.98 7.779 -3.396 2.952
2808.00 312.98 7.822 -3.396 2.952
2815.90 312.99 7.885 -3.396 2.952
2824.00 313.03 7.880 -3.270 2.944
2831.80 313.06 7.847 -3.270 2.944
2839.70 313.07 7.811 -3.196 2.877
2848.90 313.08 7.810 -3.196 2.877
2857.20 313.14 7.805 -3.121 2.810
2865.00 313.21 7.735 -3.047 2.743
2872.30 313.30 7.697 -2.973 2.677
2879.40 313.35 7.687 -2.898 2.610
2886.40 313.36 7.657 -2.824 2.543
2893.90 313.37 7.625 -2.792 2.427
2900.70 313.40 7.614 -2.758 2.314
2907.40 313.42 7.622 -2.798 2.266
2913.80 313.47 7.592 -2.758 2.155
2920.90 313.50 7.547 -2.751 1.998
2928.30 313.51 7.567 -2.785 1.950
2935.50 313.56 7.586 -2.768 1.797
2943.30 313.63 7.573 -2.829 1.700
2950.60 313.68 7.528 -2.886 1.600
2957.70 313.72 7.485 -2.940 1.498
2966.00 313.76 7.453 -2.966 1.447
2974.80 313.77 7.410 -2.923 1.302
2982.50 313.80 7.387 -2.946 1.250
2990.30 313.79 7.366 -2.967 1.199
2997.60 313.80 7.369 -2.894 1.111
3004.90 313.82 7.401 -2.894 1.111
3012.90 313.82 7.510 -2.801 1.075
3020.80 313.79 7.555 -2.707 1.039
3028.40 313.78 7.532 -2.707 1.039
3035.60 313.81 7.526 -2.614 1.003
3044.30 313.80 7.526 -2.521 0.968
3053.00 313.77 7.571 -2.503 1.011
3061.10 313.78 7.658 -2.411 0.974
3069.40 313.77 7.729 -2.411 0.974
3078.10 313.75 7.777 -2.427 0.932
3086.60 313.75 7.850 -2.334 0.896
3094.20 313.74 7.871 -2.349 0.855
3101.40 313.75 7.883 -2.378 0.773
3108.90 313.74 7.913 -2.403 0.689
3115.90 313.73 7.953 -2.426 0.605
3122.70 313.71 7.987 -2.445 0.520
3130.50 313.72 8.036 -2.568 0.407
3138.80 313.76 8.095 -2.581 0.317
3147.00 313.82 8.098 -2.693 0.188
3154.50 313.86 8.062 -2.698 0.094
3161.50 313.90 8.006 -2.800 0.000
3168.70 313.98 7.959 -2.898 -0.101
3176.00 314.02 7.907 -2.893 -0.202
3183.90 314.09 7.808 -2.984 -0.314
3191.40 314.16 7.727 -3.077 -0.378
3198.80 314.23 7.675 -3.176 -0.390
3206.40 314.34 7.553 -3.169 -0.445
3213.70 314.46 7.416 -3.268 -0.459
3221.50 314.53 7.341 -3.367 -0.473
3230.00 314.60 7.283 -3.367 -0.473
3238.10 314.69 7.196 -3.367 -0.473
3245.80 314.75 7.098 -3.466 -0.487
3252.80 314.76 7.118 -3.466 -0.487
3260.20 314.79 7.227 -3.565 -0.501
3268.60 314.87 7.318 -3.573 -0.439
3277.00 314.94 7.325 -3.672 -0.451
3285.60 315.06 7.317 -3.664 -0.515
3293.90 315.17 7.303 -3.763 -0.529
3301.60 315.27 7.204 -3.862 -0.543
3309.40 315.42 7.086 -3.961 -0.557
3317.00 315.55 6.835 -4.060 -0.571
3324.50 315.62 6.503 -4.159 -0.585
3332.60 315.68 6.317 -4.247 -0.673
3340.70 315.70 6.252 -4.346 -0.688
3348.70 315.74 6.215 -4.445 -0.704
3356.80 315.76 6.221 -4.445 -0.704
3364.70 315.75 6.195 -4.555 -0.640
3372.10 315.80 6.212 -4.654 -0.654
3379.90 315.78 6.227 -4.654 -0.654
3387.70 315.75 6.185 -4.741 -0.751
3394.80 315.78 6.173 -4.741 -0.751
3401.90 315.79 6.189 -4.741 -0.751
3409.00 315.77 6.172 -4.741 -0.751
3417.00 315.82 6.153 -4.727 -0.834
3424.40 315.86 6.141 -4.727 -0.834
3431.70 315.82 6.075 -4.614 -0.897
3438.60 315.90 5.990 -4.614 -0.897
3445.20 315.97 5.919 -4.515 -0.878
3452.00 315.99 5.913 -4.515 -0.878
3459.30 316.06 5.891 -4.417 -0.859
3466.40 316.17 5.825 -4.417 -0.859
3473.30 316.32 5.725 -4.333 -0.764
3480.30 316.44 5.544 -4.346 -0.688
3487.10 316.53 5.409 -4.247 -0.673
3493.50 316.64 5.276 -4.258 -0.598
3500.30 316.77 5.089 -4.268 -0.524
3507.60 316.92 4.845 -4.276 -0.449
3515.00 317.04 4.658 -4.284 -0.375
3521.90 317.11 4.608 -4.290 -0.300
3528.40 317.17 4.537 -4.290 -0.300
3535.30 317.23 4.415 -4.294 -0.225
3542.00 317.28 4.310 -4.294 -0.225
3549.00 317.35 4.339 -4.294 -0.225
3556.10 317.43 4.503 -4.294 -0.225
3563.30 317.41 4.693 -4.294 -0.225
3570.30 317.38 4.854 -4.294 -0.225
3577.30 317.38 5.013 -4.294 -0.225
3584.70 317.39 5.202 -4.294 -0.225
3592.00 317.47 5.263 -4.194 -0.220
3599.50 317.53 5.189 -4.194 -0.220
3607.40 317.56 5.136 -4.098 -0.143
3615.70 317.59 5.152 -4.098 -0.143
3623.70 317.66 5.185 -3.999 -0.070
3631.60 317.72 5.037 -3.999 -0.070
3639.10 317.73 4.793 -4.000 0.000
3646.50 317.73 4.663 -3.999 0.070
3654.40 317.78 4.556 -3.999 0.070
3662.00 317.86 4.502 -3.998 0.140
3668.80 317.87 4.473 -3.998 0.140
3675.50 317.87 4.405 -4.098 0.143
3682.10 318.00 4.249 -4.197 0.147
3688.50 318.18 4.104 -4.297 0.150
3695.00 318.35 3.988 -4.397 0.154
3702.80 318.50 3.915 -4.499 0.079
3710.80 318.59 3.889 -4.599 0.080
3717.90 318.61 3.844 -4.799 0.084
3724.80 318.60 3.768 -4.900 0.000
3731.90 318.65 3.698 -5.100 0.000
3739.20 318.72 3.658 -5.199 -0.091
3746.40 318.74 3.582 -5.399 -0.094
3753.20 318.76 3.494 -5.497 -0.192
3760.00 318.80 3.407 -5.597 -0.195
3766.60 318.87 3.206 -5.792 -0.304
3773.20 318.95 2.976 -5.892 -0.309
3780.90 319.00 2.835 -5.985 -0.419
3788.50 319.06 2.693 -6.085 -0.426
3795.20 319.11 2.528 -6.176 -0.540
3802.30 319.19 2.365 -6.276 -0.549
3809.60 319.29 2.172 -6.376 -0.558
3817.20 319.37 1.920 -6.464 -0.679
3824.70 319.46 1.600 -6.564 -0.690
3831.90 319.55 1.369 -6.663 -0.700
3839.30 319.60 1.325 -6.749 -0.829
3845.90 319.66 1.264 -6.849 -0.841
3852.70 319.71 1.157 -6.849 -0.841
3860.20 319.73 1.067 -6.948 -0.853
3868.10 319.77 0.995 -6.948 -0.853
3875.20 319.81 0.955 -7.031 -0.988
3882.10 319.80 0.900 -7.031 -0.988
3889.80 319.88 0.729 -7.031 -0.988
3897.70 319.97 0.574 -7.031 -0.988
3904.60 320.07 0.514 -6.932 -0.974
3911.80 320.17 0.484 -6.932 -0.974
3919.00 320.19 0.426 -6.833 -0.960
3926.20 320.25 0.367 -6.734 -0.946
3933.40 320.37 0.340 -6.635 -0.932
3940.40 320.43 0.307 -6.437 -0.905
3947.10 320.51 0.281 -6.338 -0.891
3954.20 320.57 0.265 -6.239 -0.877
3961.70 320.60 0.252 -6.140 -0.863
3969.70 320.65 0.259 -6.041 -0.849
3977.20 320.70 0.320 -5.926 -0.939
3983.80 320.72 0.531 -5.827 -0.923
3990.60 320.77 0.889 -5.729 -0.907
3997.90 320.84 1.156 -5.712 -1.007
4005.30 320.91 1.294 -5.712 -1.007
4012.10 321.04 1.149 -5.613 -0.990
4019.10 321.22 0.725 -5.693 -1.107
4026.60 321.41 0.600 -5.693 -1.107
4033.80 321.47 0.713 -5.693 -1.107
4041.30 321.45 0.962 -5.693 -1.107
4048.30 321.51 1.221 -5.673 -1.206
4056.00 321.49 1.518 -5.673 -1.206
4063.90 321.44 1.484 -5.792 -1.126
4072.00 321.53 1.207 -5.792 -1.126
4079.10 321.60 1.251 -5.792 -1.126
4085.80 321.63 1.476 -5.792 -1.126
4093.00 321.60 1.904 -5.792 -1.126
4099.50 321.54 2.400 -5.810 -1.025
4106.30 321.49 2.670 -5.810 -1.025
4112.70 321.50 2.627 -5.810 -1.025
4118.90 321.54 2.597 -5.810 -1.025
4125.40 321.58 2.636 -5.810 -1.025
4132.30 321.61 2.581 -5.810 -1.025
4140.40 321.71 2.162 -5.810 -1.025
4147.60 321.84 1.784 -5.712 -1.007
4154.50 321.91 1.556 -5.693 -1.107
4162.00 321.91 1.553 -5.693 -1.107
4169.20 321.89 1.717 -5.693 -1.107
4176.30 321.86 2.003 -5.693 -1.107
4183.60 321.82 2.878 -5.575 -1.185
4191.10 321.74 3.355 -5.575 -1.185
4198.40 321.75 3.405 -5.478 -1.164
4205.70 321.74 3.465 -5.456 -1.260
4213.20 321.77 3.548 -5.359 -1.237
4220.70 321.80 3.590 -5.359 -1.237
4228.20 321.78 3.638 -5.262 -1.215
4236.00 321.79 3.701 -5.164 -1.192
4243.70 321.82 3.739 -5.067 -1.170
4251.70 321.82 3.711 -4.969 -1.147
4260.30 321.82 3.648 -4.872 -1.125
4268.80 321.85 3.592 -4.774 -1.102
4277.20 321.89 3.588 -4.580 -1.057
4286.00 322.01 3.573 -4.385 -1.012
4294.50 322.17 3.523 -4.287 -0.990
4302.90 322.21 3.506 -4.092 -0.945
4311.10 322.23 3.504 -3.897 -0.900
4319.40 322.22 3.494 -3.703 -0.855
4328.00 322.23 3.482 -3.605 -0.832
4337.10 322.24 3.474 -3.410 -0.787
4346.10 322.26 3.469 -3.313 -0.765
4353.30 322.28 3.457 -3.215 -0.742
4359.90 322.30 3.407 -3.118 -0.720
4367.10 322.34 3.335 -3.021 -0.697
4375.00 322.41 3.239 -3.032 -0.645
4382.90 322.52 3.216 -2.945 -0.572
4391.60 322.64 3.219 -2.954 -0.521
4399.10 322.76 3.200 -3.062 -0.485
4405.80 322.81 3.183 -3.070 -0.431
4412.40 322.83 3.154 -3.176 -0.390
4418.80 322.83 3.116 -3.282 -0.345
4425.70 322.86 3.109 -3.392 -0.237
4432.20 322.91 3.118 -3.495 -0.183
4438.90 322.92 3.110 -3.598 -0.126
4446.00 322.92 3.073 -3.699 -0.065
4452.50 322.97 2.983 -3.799 0.066
4459.60 323.06 2.813 -3.898 0.136
4466.40 323.17 2.556 -3.895 0.204
4473.30 323.25 2.332 -3.990 0.279
4480.60 323.30 2.170 -4.084 0.357
4487.80 323.38 1.996 -4.084 0.357
4494.60 323.49 1.867 -4.177 0.439
4500.60 323.52 1.791 -4.276 0.449
4506.50 323.49 1.761 -4.268 0.524
4513.40 323.49 1.749 -4.367 0.536
4520.80 323.50 1.750 -4.466 0.548
4527.80 323.52 1.764 -4.566 0.561
4535.00 323.53 1.717 -4.774 0.502
4542.10 323.62 1.613 -4.873 0.512
4549.00 323.66 1.481 -4.981 0.436
4555.90 323.67 1.400 -5.081 0.444
4562.80 323.77 1.347 -5.287 0.370
4571.30 323.82 1.258 -5.387 0.377
4580.40 323.87 1.132 -5.492 0.288
4587.90 323.94 1.021 -5.697 0.199
4594.80 324.06 0.932 -5.796 0.202
4601.60 324.21 0.826 -5.899 0.103
4609.00 324.30 0.771 -5.999 0.105
4616.50 324.33 0.766 -6.100 0.000
4623.50 324.33 0.768 -6.200 0.000
4631.10 324.34 0.754 -6.300 0.000
4639.30 324.37 0.707 -6.400 0.000
4647.40 324.39 0.639 -6.500 0.000
4655.10 324.41 0.559 -6.600 0.000
4662.20 324.44 0.514 -6.600 0.000
4669.30 324.52 0.477 -6.700 0.000
4676.90 324.59 0.486 -6.699 0.117
4685.40 324.59 0.557 -6.799 0.119
4693.00 324.62 0.567 -6.799 0.119
4700.60 324.65 0.538 -6.899 0.120
4708.20 324.62 0.539 -6.899 0.120
4715.80 324.59 0.571 -6.899 0.120
4723.40 324.58 0.626 -6.999 0.122
4731.40 324.58 0.706 -6.999 0.122
4739.20 324.58 0.808 -6.999 0.122
4746.70 324.61 0.866 -7.099 0.124
4753.60 324.60 0.912 -7.099 0.124
4760.40 324.59 0.934 -7.199 0.126
4767.90 324.59 0.944 -7.199 0.126
4776.10 324.58 0.959 -7.199 0.126
4783.50 324.57 0.973 -7.299 0.127
4790.20 324.58 1.000 -7.299 0.127
4797.20 324.59 1.041 -7.296 0.255
4804.30 324.58 1.054 -7.296 0.255
4812.10 324.60 0.999 -7.395 0.258
4819.60 324.61 0.954 -7.390 0.387
4827.10 324.64 0.939 -7.390 0.387
4834.20 324.64 0.928 -7.390 0.387
4840.80 324.68 0.938 -7.390 0.387
4848.30 324.69 0.981 -7.390 0.387
4856.00 324.65 1.018 -7.390 0.387
4863.70 324.67 1.024 -7.490 0.393
4871.40 324.70 1.022 -7.495 0.262
4879.30 324.71 1.020 -7.495 0.262
4887.40 324.73 1.040 -7.599 0.133
4896.90 324.74 1.078 -7.600 0.000
4906.00 324.73 1.135 -7.700 0.000
4913.80 324.79 1.170 -7.799 -0.136
4921.60 324.80 1.135 -7.795 -0.272
4929.70 324.84 1.056 -7.895 -0.276
4937.40 324.91 0.986 -7.889 -0.413
4944.60 324.92 0.946 -7.989 -0.419
4952.50 324.93 0.894 -7.989 -0.419
4960.00 324.96 0.845 -8.080 -0.565
4967.60 325.02 0.828 -8.080 -0.565
4975.50 325.09 0.830 -8.080 -0.565
4983.30 325.04 0.840 -8.180 -0.572
4990.60 325.06 0.848 -8.189 -0.429
4998.50 325.15 0.844 -8.189 -0.429
5006.40 325.26 0.845 -8.089 -0.424
5014.50 325.35 0.847 -8.089 -0.424
5022.00 325.44 0.832 -8.095 -0.283
5029.40 325.48 0.812 -8.095 -0.283
5036.70 325.51 0.808 -8.099 -0.141
5044.40 325.57 0.809 -7.999 -0.140
5051.80 325.58 0.804 -8.000 0.000
5059.20 325.58 0.793 -8.000 0.000
5066.80 325.61 0.787 -7.999 0.140
5074.10 325.64 0.783 -7.999 0.140
5082.10 325.62 0.782 -8.099 0.141
5090.30 325.64 0.780 -8.095 0.283
5098.30 325.66 0.779 -8.195 0.286
5105.30 325.68 0.776 -8.195 0.286
5112.60 325.68 0.774 -8.295 0.290
5120.70 325.68 0.767 -8.395 0.293
5128.00 325.73 0.729 -8.499 0.148
5135.50 325.75 0.695 -8.599 0.150
5143.00 325.76 0.696 -8.699 0.152
5151.60 325.85 0.699 -8.799 0.154
5160.60 325.91 0.664 -8.900 0.000
5169.30 325.91 0.606 -8.900 0.000
5177.90 325.92 0.574 -9.000 0.000
5186.30 325.95 0.571 -9.099 -0.159
5193.60 326.02 0.572 -9.099 -0.159
5201.60 326.06 0.565 -9.099 -0.159
5209.90 326.04 0.560 -9.199 -0.161
5218.40 326.01 0.553 -9.199 -0.161
5226.40 326.00 0.529 -9.199 -0.161
5233.50 326.03 0.499 -9.200 0.000
5241.40 326.07 0.479 -9.200 0.000
5248.80 326.08 0.475 -9.200 0.000
5256.20 326.05 0.471 -9.199 0.161
5263.30 326.06 0.470 -9.099 0.159
5269.90 326.03 0.471 -9.094 0.318
5277.30 326.08 0.459 -8.988 0.471
5284.90 326.14 0.418 -8.888 0.466
5292.50 326.13 0.380 -8.779 0.614
5300.00 326.15 0.357 -8.679 0.607
5307.80 326.19 0.336 -8.567 0.750
5315.10 326.30 0.328 -8.468 0.741
5322.60 326.36 0.359 -8.255 0.868
5330.80 326.42 0.418 -8.155 0.857
5339.10 326.53 0.475 -7.956 0.836
5347.80 326.70 0.490 -7.757 0.815
5355.30 326.75 0.450 -7.571 0.662
5361.30 326.71 0.424 -7.372 0.645
5369.00 326.73 0.424 -7.282 0.509
5377.50 326.78 0.452 -7.083 0.495
5386.00 326.82 0.484 -6.891 0.361
5393.70 326.84 0.504 -6.791 0.356
5401.00 326.84 0.520 -6.591 0.345
5408.40 326.86 0.533 -6.491 0.340
5416.00 326.92 0.545 -6.396 0.223
5423.90 327.06 0.574 -6.391 0.335
5431.30 327.02 0.607 -6.291 0.330
5438.20 326.98 0.666 -6.291 0.330
5444.50 327.04 0.778 -6.185 0.432
5451.60 327.14 0.980 -6.185 0.432
5459.50 327.18 1.192 -6.176 0.540
5467.50 327.17 1.326 -6.176 0.540
5475.80 327.15 1.390 -6.176 0.540
5483.10 327.18 1.405 -6.176 0.540
5490.30 327.18 1.393 -6.176 0.540
5498.40 327.17 1.371 -6.176 0.540
5506.80 327.19 1.359 -6.077 0.532
5514.90 327.24 1.363 -6.085 0.426
5522.80 327.19 1.438 -5.985 0.419
5529.90 327.18 1.524 -5.892 0.309
5537.10 327.24 1.551 -5.892 0.309
5544.20 327.22 1.570 -5.796 0.202
5551.40 327.22 1.600 -5.699 0.099
5558.60 327.26 1.609 -5.600 0.000
5566.70 327.30 1.605 -5.400 0.000
5575.10 327.32 1.612 -5.299 -0.092
5584.30 327.38 1.613 -5.197 -0.181
5594.20 327.38 1.590 -5.093 -0.267
5603.90 327.36 1.571 -4.988 -0.349
5613.50 327.43 1.589 -4.881 -0.427
5623.30 327.48 1.604 -4.774 -0.502
5632.50 327.49 1.605 -4.654 -0.654
5641.60 327.53 1.612 -4.629 -0.816
5650.10 327.59 1.616 -4.499 -0.956
5656.90 327.66 1.619 -4.463 -1.113
5664.80 327.66 1.609 -4.422 -1.268
5673.90 327.65 1.601 -4.349 -1.498
5683.60 327.69 1.588 -4.265 -1.723
5694.20 327.73 1.569 -4.169 -1.944
5703.40 327.75 1.568 -4.150 -2.207
5712.00 327.82 1.559 -4.114 -2.472
5720.70 327.92 1.540 -4.109 -2.669
5728.60 327.94 1.514 -4.045 -2.939
5737.10 327.93 1.503 -4.098 -3.201
5747.00 327.93 1.520 -4.119 -3.335
5758.40 327.95 1.540 -4.151 -3.608
5768.40 327.99 1.559 -4.162 -3.747
5778.00 328.05 1.596 -4.242 -3.956
5787.30 328.13 1.643 -4.315 -4.024
5794.60 328.16 1.668 -4.316 -4.168
5801.70 328.20 1.716 -4.388 -4.237
5809.40 328.27 1.787 -4.388 -4.237
5816.90 328.31 1.860 -4.460 -4.307
5824.00 328.40 1.923 -4.460 -4.307
5830.90 328.47 1.946 -4.460 -4.307
5838.20 328.53 1.922 -4.532 -4.376
5845.60 328.62 1.892 -4.532 -4.376
5852.70 328.70 1.867 -4.532 -4.376
5860.10 328.74 1.814 -4.532 -4.376
5867.30 328.69 1.751 -4.604 -4.446
5874.60 328.62 1.722 -4.604 -4.446
5882.10 328.65 1.698 -4.676 -4.515
5889.40 328.70 1.650 -4.748 -4.585
5897.30 328.67 1.602 -4.820 -4.654
5905.90 328.70 1.571 -4.963 -4.793
5915.10 328.77 1.531 -5.107 -4.932
5923.90 328.83 1.450 -5.091 -5.091
5932.20 328.82 1.374 -5.233 -5.233
5940.60 328.87 1.260 -5.445 -5.445
5949.30 328.96 1.118 -5.586 -5.586
5958.10 329.04 1.031 -5.798 -5.798
5967.10 329.14 0.957 -5.835 -6.042
5975.90 329.21 0.871 -6.044 -6.258
5985.30 329.29 0.792 -6.252 -6.474
5996.40 329.49 0.691 -6.460 -6.690
6005.60 329.67 0.624 -6.479 -6.948
6014.00 329.62 0.604 -6.684 -7.167
6022.40 329.70 0.535 -6.758 -7.506
6030.10 329.91 0.447 -6.892 -7.654
6037.70 330.03 0.412 -7.093 -7.877
6045.20 330.12 0.384 -7.085 -8.151
6052.10 330.19 0.328 -7.217 -8.302
6059.20 330.29 0.270 -7.348 -8.453
6067.00 330.33 0.237 -7.328 -8.733
6074.60 330.38 0.199 -7.392 -8.810
6082.10 330.49 0.148 -7.521 -8.963
6089.50 330.54 0.114 -7.585 -9.039
6096.50 330.59 0.090 -7.649 -9.116
6103.70 330.76 0.068 -7.713 -9.193
6111.30 330.96 0.061 -7.778 -9.269
6119.40 331.14 0.065 -7.842 -9.346
6126.70 331.21 0.068 -7.906 -9.422
6133.40 331.22 0.073 -8.070 -9.283
6140.20 331.24 0.084 -8.070 -9.283
6147.10 331.27 0.095 -8.070 -9.283
6154.00 331.25 0.101 -8.230 -9.141
6161.90 331.22 0.104 -8.230 -9.141
6170.10 331.23 0.102 -8.163 -9.066
6177.40 331.25 0.101 -8.320 -8.923
6184.60 331.26 0.106 -8.252 -8.849
6191.80 331.26 0.112 -8.252 -8.849
6199.40 331.28 0.114 -8.184 -8.776
6207.20 331.31 0.104 -8.336 -8.632
6215.50 331.36 0.088 -8.336 -8.632
6223.60 331.39 0.084 -8.266 -8.560
6231.80 331.45 0.081 -8.266 -8.560
6239.30 331.48 0.082 -8.415 -8.415
6246.40 331.49 0.091 -8.415 -8.415
6253.90 331.52 0.104 -8.415 -8.415
6261.10 331.52 0.117 -8.560 -8.266
6268.90 331.55 0.128 -8.560 -8.266
6276.60 331.52 0.131 -8.703 -8.116
6284.40 331.54 0.133 -8.776 -8.184
6292.70 331.52 0.132 -8.918 -8.030
6300.40 331.51 0.127 -8.918 -8.030
6308.00 331.60 0.123 -9.057 -7.873
6316.10 331.78 0.123 -9.057 -7.873
6323.50 331.84 0.129 -9.193 -7.713
6330.80 331.78 0.137 -9.193 -7.713
6338.10 331.81 0.143 -9.403 -7.615
6345.70 331.92 0.148 -9.403 -7.615
6353.20 331.98 0.154 -9.535 -7.450
6361.40 331.92 0.164 -9.535 -7.450
6370.20 331.96 0.179 -9.663 -7.282
6377.90 332.00 0.191 -9.663 -7.282
6385.30 332.01 0.205 -9.743 -7.342
6393.20 331.99 0.223 -9.743 -7.342
6401.00 332.02 0.230 -9.870 -7.171
6408.50 332.05 0.234 -9.870 -7.171
6416.50 332.04 0.240 -9.951 -7.230
6424.80 332.05 0.250 -10.076 -7.055
6433.30 332.04 0.263 -10.076 -7.055
6441.30 332.05 0.268 -10.076 -7.055
6449.00 332.04 0.265 -10.076 -7.055
6456.30 332.02 0.265 -10.280 -6.934
6463.90 332.04 0.266 -10.280 -6.934
6471.70 332.09 0.266 -10.280 -6.934
6479.30 332.04 0.270 -10.280 -6.934
6486.80 332.01 0.276 -10.363 -6.990
6494.70 332.04 0.283 -10.483 -6.808
6502.70 332.05 0.289 -10.567 -6.862
6510.20 332.06 0.293 -10.567 -6.862
6518.10 332.07 0.300 -10.651 -6.917
6526.20 332.09 0.309 -10.735 -6.971
6534.10 332.07 0.316 -10.940 -6.836
6541.80 332.08 0.328 -11.025 -6.889
6550.10 332.09 0.341 -11.109 -6.942
6558.10 332.15 0.359 -11.315 -6.799
6565.40 332.21 0.385 -11.400 -6.850
6572.80 332.26 0.402 -11.605 -6.700
6580.20 332.30 0.396 -11.691 -6.750
6587.40 332.39 0.358 -11.691 -6.750
6595.00 332.46 0.309 -11.895 -6.593
6602.20 332.51 0.282 -11.982 -6.642
6609.20 332.47 0.268 -11.982 -6.642
6616.30 332.47 0.261 -12.070 -6.690
6623.60 332.51 0.248 -12.070 -6.690
6630.70 332.57 0.230 -12.070 -6.690
6637.40 332.56 0.215 -12.157 -6.739
6644.20 332.57 0.202 -12.157 -6.739
6651.30 332.58 0.185 -12.157 -6.739
6658.50 332.62 0.166 -12.124 -7.000
6665.90 332.62 0.165 -12.124 -7.000
6673.90 332.66 0.202 -12.124 -7.000
6682.20 332.62 0.274 -12.124 -7.000
6689.60 332.57 0.317 -12.211 -7.050
6696.90 332.58 0.324 -12.211 -7.050
6704.20 332.62 0.337 -12.211 -7.050
6712.40 332.65 0.350 -12.211 -7.050
6720.20 332.64 0.358 -12.211 -7.050
6727.30 332.62 0.359 -12.298 -7.100
6734.50 332.60 0.358 -12.298 -7.100
6742.40 332.61 0.351 -12.298 -7.100
6749.80 332.61 0.334 -12.211 -7.050
6757.40 332.58 0.326 -12.211 -7.050
6764.90 332.59 0.318 -12.211 -7.050
6772.60 332.56 0.308 -12.211 -7.050
6780.30 332.54 0.298 -12.211 -7.050
6788.00 332.60 0.285 -12.211 -7.050
6795.90 332.60 0.270 -12.211 -7.050
6803.20 332.61 0.262 -12.211 -7.050
6810.60 332.61 0.264 -12.086 -7.262
6818.70 332.61 0.270 -12.086 -7.262
6827.00 332.64 0.275 -12.172 -7.314
6835.20 332.68 0.281 -12.172 -7.314
6842.80 332.62 0.277 -12.127 -7.578
6850.20 332.62 0.277 -12.127 -7.578
6858.60 332.65 0.277 -12.077 -7.843
6867.00 332.64 0.276 -12.161 -7.897
6876.10 332.66 0.281 -12.104 -8.164
6887.50 332.72 0.288 -12.187 -8.220
6899.00 332.77 0.293 -12.123 -8.489
6908.60 332.81 0.294 -12.054 -8.758
6916.70 332.86 0.297 -12.135 -8.817
6925.10 332.97 0.299 -12.059 -9.087
6933.50 333.09 0.277 -12.139 -9.148
6941.40 333.24 0.229 -12.135 -9.481
6949.50 333.50 0.158 -12.214 -9.543
6957.60 333.77 0.097 -12.123 -9.817
6965.30 334.01 0.073 -12.201 -9.880
6972.80 334.09 0.063 -12.279 -9.943
6980.70 334.05 0.059 -12.257 -10.285
6988.40 334.09 0.059 -12.257 -10.285
6995.40 334.13 0.058 -12.333 -10.349
7002.60 334.04 0.056 -12.410 -10.413
7009.80 334.05 0.054 -12.487 -10.477
7017.00 334.08 0.055 -12.487 -10.477
7024.20 334.10 0.054 -12.487 -10.477
7031.10 334.12 0.052 -12.563 -10.542
7038.00 334.13 0.050 -12.377 -10.759
7044.90 334.12 0.051 -12.377 -10.759
7051.70 334.11 0.052 -12.302 -10.694
7058.60 334.16 0.054 -12.302 -10.694
7066.50 334.29 0.056 -12.302 -10.694
7074.10 334.34 0.053 -12.113 -10.907
7081.60 334.32 0.051 -12.113 -10.907
7089.10 334.24 0.050 -12.113 -10.907
7096.60 334.23 0.051 -12.113 -10.907
7104.60 334.23 0.052 -12.113 -10.907
7112.40 334.25 0.052 -12.113 -10.907
7119.90 334.25 0.051 -12.188 -10.974
7127.50 334.23 0.050 -12.188 -10.974
7134.60 334.22 0.049 -12.188 -10.974
7141.80 334.23 0.049 -12.188 -10.974
7149.60 334.24 0.050 -12.188 -10.974
7157.30 334.26 0.050 -12.188 -10.974
7164.30 334.27 0.051 -12.188 -10.974
7170.60 334.28 0.051 -12.188 -10.974
7177.50 334.27 0.051 -12.188 -10.974
7184.10 334.26 0.052 -12.188 -10.974
7190.60 334.26 0.051 -12.188 -10.974
7198.10 334.30 0.051 -12.262 -11.041
7205.30 334.28 0.051 -12.262 -11.041
7212.90 334.29 0.051 -12.262 -11.041
7220.60 334.29 0.050 -12.262 -11.041
7227.80 334.29 0.050 -12.336 -11.108
7235.20 334.31 0.049 -12.336 -11.108
7242.90 334.32 0.049 -12.411 -11.174
7250.20 334.36 0.049 -12.411 -11.174
7257.20 334.37 0.049 -12.411 -11.174
7264.40 334.38 0.048 -12.287 -11.458
7271.90 334.38 0.048 -12.287 -11.458
7279.20 334.41 0.047 -12.287 -11.458
7286.50 334.44 0.047 -12.287 -11.458
7293.60 334.48 0.047 -12.287 -11.458
7301.10 334.53 0.048 -12.287 -11.458
7308.80 334.54 0.049 -12.214 -11.389
7316.60 334.51 0.049 -12.214 -11.389
7324.30 334.49 0.050 -12.214 -11.389
7331.90 334.55 0.051 -12.214 -11.389
7339.50 334.66 0.051 -12.140 -11.321
7347.00 334.73 0.049 -11.941 -11.531
7354.80 334.76 0.048 -11.941 -11.531
7362.40 334.79 0.047 -11.941 -11.531
7369.80 334.83 0.046 -11.941 -11.531
7377.30 334.86 0.046 -12.013 -11.601
7385.20 334.87 0.046 -12.013 -11.601
7393.50 334.87 0.045 -12.085 -11.670
7402.30 334.89 0.044 -12.085 -11.670
7411.50 335.00 0.042 -12.157 -11.740
7420.80 335.09 0.039 -12.157 -11.740
7431.60 335.12 0.038 -12.229 -11.809
7443.50 335.17 0.037 -12.229 -11.809
7453.90 335.20 0.037 -12.229 -11.809
7462.30 335.23 0.036 -12.506 -11.662
7471.10 335.29 0.036 -12.506 -11.662
7479.30 335.32 0.035 -12.633 -11.375
7486.90 335.32 0.034 -12.633 -11.375
7495.30 335.31 0.033 -12.633 -11.375
7503.70 335.32 0.032 -12.755 -11.087
7511.80 335.31 0.032 -12.755 -11.087
7519.80 335.28 0.033 -12.870 -10.799
7527.40 335.27 0.033 -12.870 -10.799
7534.90 335.30 0.032 -12.870 -10.799
7542.50 335.38 0.032 -12.793 -10.735
7549.60 335.40 0.032 -12.978 -10.510
7556.80 335.37 0.031 -12.901 -10.447
7564.40 335.34 0.031 -12.901 -10.447
7572.10 335.32 0.031 -12.823 -10.384
7579.20 335.33 0.032 -12.823 -10.384
7587.00 335.37 0.032 -12.745 -10.321
7594.80 335.34 0.032 -12.745 -10.321
7602.60 335.37 0.032 -12.667 -10.258
7610.50 335.38 0.032 -12.845 -10.035
7617.90 335.37 0.032 -12.766 -9.974
7624.70 335.35 0.032 -12.687 -9.912
7631.70 335.35 0.032 -12.687 -9.912
7639.30 335.38 0.032 -12.434 -10.069
7646.60 335.44 0.032 -12.357 -10.006
7654.70 335.47 0.032 -12.357 -10.006
7662.30 335.46 0.031 -12.279 -9.943
7669.20 335.50 0.030 -12.279 -9.943
7676.60 335.53 0.030 -12.279 -9.943
7684.60 335.58 0.029 -12.201 -9.880
7692.70 335.70 0.028 -12.201 -9.880
7700.60 335.77 0.027 -12.372 -9.666
7707.70 335.78 0.026 -12.372 -9.666
7715.40 335.78 0.026 -12.372 -9.666
7723.60 335.80 0.027 -12.372 -9.666
7731.00 335.93 0.027 -12.372 -9.666
7738.30 336.03 0.026 -12.372 -9.666
7746.40 336.03 0.026 -12.372 -9.666
7753.50 336.03 0.025 -12.372 -9.666
7760.70 336.01 0.024 -12.451 -9.727
7767.80 336.02 0.024 -12.451 -9.727
7774.00 336.02 0.024 -12.451 -9.727
7780.50 335.97 0.024 -12.451 -9.727
7788.00 336.00 0.023 -12.451 -9.727
7795.60 336.02 0.023 -12.451 -9.727
7802.90 336.07 0.023 -12.451 -9.727
7810.20 336.09 0.023 -12.451 -9.727
7817.50 336.07 0.023 -12.451 -9.727
7825.40 336.06 0.023 -12.372 -9.666
7832.90 336.12 0.023 -12.372 -9.666
7839.90 336.12 0.023 -12.372 -9.666
7847.40 336.09 0.023 -12.372 -9.666
7855.20 336.10 0.023 -12.459 -9.388
7862.90 336.12 0.023 -12.459 -9.388
7870.60 336.14 0.024 -12.459 -9.388
7878.10 336.13 0.024 -12.459 -9.388
7885.70 336.14 0.024 -12.459 -9.388
7893.70 336.15 0.023 -12.540 -9.111
7900.90 336.14 0.023 -12.540 -9.111
7908.20 336.15 0.023 -12.540 -9.111
7915.60 336.23 0.022 -12.621 -9.169
7922.60 336.30 0.022 -12.621 -9.169
7929.50 336.33 0.021 -12.621 -9.169
7936.80 336.36 0.021 -12.779 -8.948
7944.60 336.38 0.021 -12.779 -8.948
7952.70 336.38 0.021 -12.779 -8.948
7960.20 336.43 0.021 -12.779 -8.948
7967.70 336.50 0.021 -12.861 -9.005
7975.30 336.53 0.021 -12.861 -9.005
7983.10 336.50 0.021 -12.779 -8.948
7991.10 336.51 0.021 -12.779 -8.948
7998.50 336.58 0.021 -12.779 -8.948
8006.40 336.55 0.020 -12.779 -8.948
8014.10 336.55 0.020 -12.697 -8.890
8021.50 336.58 0.020 -12.697 -8.890
8028.50 336.61 0.020 -12.615 -8.833
8035.70 336.63 0.020 -12.684 -8.556
8043.70 336.62 0.020 -12.684 -8.556
8050.90 336.66 0.020 -12.601 -8.500
8057.90 336.66 0.020 -12.518 -8.444
8065.20 336.65 0.020 -12.518 -8.444
8072.80 336.66 0.020 -12.436 -8.388
8080.60 336.75 0.020 -12.496 -8.115
8087.80 336.71 0.019 -12.496 -8.115
8094.50 336.72 0.020 -12.412 -8.061
8101.30 336.82 0.020 -12.412 -8.061
8108.50 336.80 0.021 -12.466 -7.790
8115.70 336.82 0.021 -12.466 -7.790
8123.10 336.83 0.021 -12.466 -7.790
8130.70 336.83 0.021 -12.382 -7.737
8137.70 336.91 0.021 -12.382 -7.737
8144.70 336.87 0.021 -12.515 -7.520
8151.80 336.84 0.021 -12.429 -7.468
8159.50 336.83 0.021 -12.429 -7.468
8166.70 336.89 0.021 -12.429 -7.468
8174.20 336.90 0.022 -12.557 -7.250
8181.90 336.97 0.023 -12.471 -7.200
8189.40 336.97 0.025 -12.471 -7.200
8197.00 336.98 0.025 -12.471 -7.200
8204.00 337.00 0.024 -12.471 -7.200
8211.10 336.97 0.024 -12.384 -7.150
8218.60 336.99 0.024 -12.507 -6.933
8226.40 337.03 0.024 -12.507 -6.933
8233.50 337.05 0.024 -12.420 -6.884
8240.30 337.07 0.024 -12.420 -6.884
8247.80 337.08 0.024 -12.420 -6.884
8255.60 337.08 0.023 -12.420 -6.884
8262.90 337.11 0.023 -12.332 -6.836
8269.70 337.15 0.023 -12.332 -6.836
8276.80 337.16 0.023 -12.332 -6.836
8284.10 337.15 0.023 -12.332 -6.836
8291.80 337.18 0.024 -12.361 -6.573
8299.60 337.21 0.024 -12.361 -6.573
8307.00 337.22 0.023 -12.273 -6.526
8314.10 337.26 0.023 -12.273 -6.526
8321.40 337.32 0.022 -12.185 -6.479
8328.80 337.33 0.022 -12.096 -6.432
8335.60 337.37 0.022 -12.207 -6.220
8342.50 337.39 0.021 -12.118 -6.174
8349.30 337.42 0.021 -12.029 -6.129
8356.10 337.44 0.021 -11.939 -6.083
8363.40 337.49 0.021 -11.850 -6.038
8370.40 337.56 0.021 -11.864 -5.786
8377.50 337.56 0.021 -11.864 -5.786
8384.70 337.58 0.021 -11.774 -5.743
8391.40 337.62 0.020 -11.684 -5.699
8397.90 337.62 0.020 -11.684 -5.699
8404.10 337.64 0.020 -11.594 -5.655
8411.50 337.67 0.020 -11.494 -5.856
8419.80 337.70 0.019 -11.494 -5.856
8428.00 337.71 0.019 -11.405 -5.811
8434.90 337.75 0.019 -11.405 -5.811
8442.00 337.80 0.019 -11.316 -5.766
8449.90 337.82 0.019 -11.316 -5.766
8457.20 337.80 0.019 -11.316 -5.766
8464.00 337.86 0.019 -11.227 -5.720
8471.10 337.90 0.019 -11.227 -5.720
8478.70 337.93 0.019 -11.227 -5.720
8486.00 338.00 0.019 -11.138 -5.675
8493.60 338.04 0.019 -11.138 -5.675
8501.10 338.03 0.019 -11.037 -5.868
8508.40 338.02 0.019 -10.949 -5.821
8515.80 338.03 0.019 -10.949 -5.821
8523.30 338.09 0.019 -10.959 -5.584
8530.40 338.17 0.019 -10.959 -5.584
8537.50 338.22 0.018 -10.870 -5.539
8544.80 338.28 0.018 -10.781 -5.493
8552.60 338.29 0.018 -10.692 -5.448
8560.10 338.33 0.018 -10.603 -5.402
8567.10 338.41 0.018 -10.603 -5.402
8574.60 338.46 0.018 -10.514 -5.357
8582.90 338.46 0.018 -10.425 -5.312
8590.70 338.45 0.018 -10.336 -5.266
8597.80 338.47 0.018 -10.336 -5.041
8605.30 338.46 0.018 -10.336 -5.041
8612.70 338.47 0.018 -10.246 -4.997
8620.20 338.51 0.018 -10.156 -4.954
8627.30 338.49 0.018 -10.156 -4.954
8634.20 338.51 0.018 -10.156 -4.954
8641.40 338.56 0.018 -10.066 -4.910
8648.40 338.60 0.018 -10.066 -4.910
8655.80 338.58 0.020 -10.066 -4.910
8663.30 338.56 0.020 -10.066 -4.910
8671.30 338.57 0.021 -10.066 -4.910
8679.20 338.61 0.021 -10.066 -4.910
8686.00 338.59 0.021 -10.156 -4.954
8692.50 338.57 0.021 -10.156 -4.954
8700.00 338.59 0.020 -10.157 -5.175
8707.70 338.62 0.020 -10.157 -5.175
8715.40 338.65 0.020 -10.247 -5.221
8723.70 338.64 0.020 -10.247 -5.221
8731.60 338.63 0.020 -10.336 -5.266
8739.70 338.64 0.020 -10.330 -5.493
8747.90 338.69 0.020 -10.330 -5.493
8756.00 338.77 0.020 -10.419 -5.540
8764.10 338.73 0.020 -10.419 -5.540
8772.20 338.70 0.020 -10.507 -5.587
8780.70 338.74 0.020 -10.507 -5.587
8788.90 338.75 0.020 -10.595 -5.634
8796.30 338.75 0.019 -10.583 -5.866
8803.60 338.74 0.019 -10.583 -5.866
8810.90 338.71 0.019 -10.670 -5.915
8817.60 338.69 0.019 -10.758 -5.963
8824.00 338.64 0.019 -10.758 -5.963
8831.20 338.68 0.019 -10.845 -6.012
8838.90 338.73 0.019 -10.825 -6.250
8846.90 338.74 0.020 -10.912 -6.300
8855.20 338.77 0.020 -10.912 -6.300
8863.30 338.69 0.020 -10.886 -6.541
8870.60 338.65 0.020 -10.886 -6.541
8877.80 338.66 0.020 -10.855 -6.783
8885.80 338.70 0.020 -10.855 -6.783
8893.40 338.75 0.020 -10.819 -7.026
8900.70 338.78 0.020 -10.903 -7.080
8908.30 338.76 0.019 -10.777 -7.270
8916.40 338.77 0.019 -10.860 -7.325
8924.60 338.73 0.019 -10.813 -7.571
8933.20 338.69 0.019 -10.895 -7.629
8941.90 338.72 0.019 -10.841 -7.876
8950.40 338.73 0.020 -10.841 -7.876
8959.10 338.72 0.020 -10.922 -7.935
8967.70 338.67 0.020 -10.861 -8.185
8977.60 338.67 0.019 -10.941 -8.245
8988.60 338.78 0.019 -10.941 -8.245
8999.80 338.83 0.020 -10.875 -8.496
9009.40 338.81 0.020 -10.875 -8.496
9018.40 338.86 0.020 -10.953 -8.558
9027.80 338.86 0.020 -11.032 -8.619
9036.60 338.86 0.020 -10.880 -8.810
9045.40 338.84 0.020 -10.958 -8.873
9055.90 338.84 0.021 -11.035 -8.936
9067.80 338.85 0.021 -11.113 -8.999
9078.70 338.86 0.021 -11.113 -8.999
9089.10 338.94 0.021 -11.191 -9.062
9098.40 338.93 0.021 -11.269 -9.125
9107.80 338.90 0.021 -11.346 -9.188
9118.90 338.90 0.021 -11.346 -9.188
9129.80 338.92 0.021 -11.261 -9.449
9138.80 338.96 0.021 -11.337 -9.513
9146.80 338.95 0.021 -11.337 -9.513
9155.40 338.99 0.021 -11.414 -9.578
9164.10 339.08 0.021 -11.414 -9.578
9172.60 339.12 0.021 -11.491 -9.642
9180.50 339.13 0.021 -11.491 -9.642
9188.40 339.14 0.021 -11.567 -9.706
9196.00 339.16 0.021 -11.567 -9.706
9203.10 339.25 0.021 -11.644 -9.770
9211.10 339.35 0.021 -11.472 -9.972
9219.20 339.50 0.020 -11.472 -9.972
9226.70 339.60 0.019 -11.472 -9.972
9234.80 339.67 0.019 -11.472 -9.972
9242.70 339.84 0.018 -11.472 -9.972
9249.30 339.88 0.018 -11.472 -9.972
9256.40 339.88 0.018 -11.472 -9.972
9263.50 339.91 0.018 -11.472 -9.972
9271.30 339.95 0.017 -11.472 -9.972
9279.30 340.00 0.017 -11.472 -9.972
9287.00 340.13 0.017 -11.472 -9.972
9294.90 340.25 0.017 -11.472 -9.972
9302.50 340.30 0.018 -11.472 -9.972
9309.40 340.29 0.018 -11.547 -10.038
9317.60 340.31 0.018 -11.623 -10.103
9325.60 340.37 0.017 -11.623 -10.103
9332.80 340.35 0.017 -11.519 -10.372
9340.00 340.35 0.018 -11.593 -10.438
9348.50 340.36 0.018 -11.593 -10.438
9356.80 340.37 0.018 -11.667 -10.505
9364.50 340.44 0.018 -11.667 -10.505
9371.40 340.46 0.018 -11.742 -10.572
9378.70 340.51 0.018 -11.742 -10.572
9386.80 340.54 0.018 -11.742 -10.572
9394.70 340.53 0.018 -11.816 -10.639
9402.60 340.50 0.018 -11.629 -10.844
9410.20 340.50 0.019 -11.629 -10.844
9418.30 340.54 0.019 -11.629 -10.844
9426.10 340.58 0.020 -11.816 -10.639
9434.10 340.65 0.020 -11.816 -10.639
9442.30 340.73 0.021 -11.816 -10.639
9449.50 340.76 0.021 -11.816 -10.639
9456.50 340.80 0.020 -11.816 -10.639
9464.40 340.85 0.020 -11.816 -10.639
9472.40 340.86 0.019 -11.816 -10.639
9480.80 340.91 0.019 -11.890 -10.706
9489.30 340.97 0.020 -11.890 -10.706
9497.20 340.97 0.020 -11.890 -10.706
9504.70 341.01 0.021 -11.816 -10.639
9512.00 340.97 0.020 -11.816 -10.639
9519.20 341.03 0.019 -11.816 -10.639
9526.40 341.10 0.019 -11.816 -10.639
9534.40 341.15 0.018 -11.742 -10.572
9543.00 341.20 0.018 -11.555 -10.776
9552.00 341.18 0.018 -11.555 -10.776
9560.50 341.17 0.018 -11.482 -10.707
9568.20 341.18 0.019 -11.409 -10.639
9576.50 341.22 0.019 -11.409 -10.639
9584.90 341.24 0.019 -11.150 -10.767
9593.30 341.24 0.018 -11.078 -10.698
9601.80 341.26 0.018 -11.006 -10.628
9609.90 341.29 0.018 -10.934 -10.559
9618.00 341.32 0.018 -10.748 -10.748
9625.80 341.33 0.018 -10.677 -10.677
9633.90 341.35 0.018 -10.607 -10.607
9642.20 341.31 0.018 -10.536 -10.536
9650.40 341.30 0.017 -10.465 -10.465
9658.20 341.32 0.017 -10.465 -10.465
9665.50 341.35 0.017 -10.394 -10.394
9673.60 341.38 0.017 -10.394 -10.394
9682.70 341.39 0.017 -10.394 -10.394
9692.00 341.39 0.017 -10.324 -10.324
9700.70 341.43 0.016 -10.324 -10.324
9708.60 341.49 0.016 -10.142 -10.502
9716.10 341.51 0.015 -10.142 -10.502
9723.90 341.55 0.015 -10.142 -10.502
9731.70 341.55 0.015 -10.073 -10.430
9740.10 341.56 0.015 -10.073 -10.430
9748.60 341.61 0.016 -10.073 -10.430
9756.40 341.59 0.016 -10.073 -10.430
9764.70 341.62 0.016 -10.003 -10.358
9772.80 341.60 0.016 -10.003 -10.358
9781.60 341.64 0.016 -10.003 -10.358
9790.50 341.74 0.016 -10.003 -10.358
9798.60 341.70 0.015 -10.003 -10.358
9807.10 341.72 0.015 -10.073 -10.430
9815.50 341.78 0.015 -10.073 -10.430
9823.30 341.78 0.016 -10.073 -10.430
9831.20 341.85 0.016 -9.957 -10.678
9839.80 341.83 0.016 -10.025 -10.751
9848.40 341.80 0.016 -10.025 -10.751
9856.60 341.82 0.016 -10.094 -10.824
9865.80 341.77 0.017 -9.970 -11.073
9874.50 341.77 0.017 -9.970 -11.073
9883.00 341.73 0.017 -10.037 -11.147
9892.00 341.72 0.017 -9.906 -11.396
9900.20 341.68 0.017 -9.906 -11.396
9908.90 341.70 0.017 -9.770 -11.644
9917.00 341.74 0.018 -9.770 -11.644
9924.80 341.74 0.018 -9.566 -11.813
9933.20 341.77 0.019 -9.420 -12.057
9941.60 341.78 0.019 -9.420 -12.057
9950.10 341.88 0.019 -9.208 -12.219
9958.00 341.87 0.019 -9.148 -12.139
9966.40 341.78 0.019 -8.934 -12.297
9974.90 341.85 0.019 -8.718 -12.451
9982.80 341.96 0.019 -8.661 -12.369
9990.80 341.90 0.019 -8.604 -12.287
9999.00 341.93 0.018 -8.388 -12.436
10006.70 342.04 0.018 -8.332 -12.353
10014.90 342.17 0.017 -8.276 -12.270
10023.20 342.24 0.016 -8.220 -12.187
10031.30 342.36 0.016 -8.164 -12.104
10039.80 342.48 0.015 -8.317 -11.878
10048.20 342.57 0.015 -8.317 -11.878
10056.30 342.58 0.014 -8.260 -11.796
10065.00 342.60 0.014 -8.405 -11.569
10073.60 342.66 0.015 -8.347 -11.488
10082.00 342.71 0.015 -8.546 -11.341
10090.50 342.68 0.015 -8.486 -11.261
10098.70 342.66 0.015 -8.619 -11.032
10106.70 342.67 0.015 -8.619 -11.032
10114.50 342.73 0.014 -8.558 -10.953
10122.70 342.79 0.014 -8.685 -10.725
10131.50 342.84 0.013 -8.685 -10.725
10140.20 342.88 0.013 -8.622 -10.647
10147.80 342.90 0.013 -8.559 -10.569
10155.20 342.99 0.013 -8.678 -10.342
10163.00 343.04 0.013 -8.549 -10.188
10171.40 343.08 0.013 -8.485 -10.112
10179.70 343.15 0.013 -8.421 -10.035
10187.70 343.25 0.012 -8.292 -9.882
10196.30 343.30 0.012 -8.332 -9.585
10204.70 343.40 0.011 -8.266 -9.509
10212.90 343.61 0.010 -8.135 -9.358
10221.20 343.75 0.010 -8.070 -9.283
10229.00 343.82 0.009 -8.163 -9.066
10236.80 343.87 0.009 -8.030 -8.918
10244.80 343.91 0.009 -7.963 -8.843
10253.10 343.94 0.009 -7.896 -8.769
10261.90 344.01 0.009 -8.048 -8.630
10270.90 344.11 0.009 -7.979 -8.557
10279.00 344.11 0.009 -7.911 -8.484
10286.70 344.16 0.009 -8.058 -8.344
10294.80 344.16 0.009 -8.058 -8.344
10303.50 344.17 0.009 -7.989 -8.272
10312.30 344.19 0.009 -8.132 -8.132
10320.60 344.18 0.009 -8.132 -8.132
10329.00 344.19 0.009 -8.132 -8.132
10337.50 344.21 0.010 -8.132 -8.132
10345.60 344.23 0.010 -8.272 -7.989
10353.90 344.23 0.010 -8.200 -7.919
10362.10 344.27 0.010 -8.200 -7.919
10369.90 344.31 0.010 -8.200 -7.919
10378.00 344.35 0.010 -8.272 -7.989
10386.70 344.39 0.010 -8.411 -7.843
10395.20 344.41 0.010 -8.411 -7.843
10403.10 344.39 0.010 -8.411 -7.843
10411.10 344.39 0.010 -8.411 -7.843
10419.40 344.39 0.010 -8.484 -7.911
10428.00 344.38 0.009 -8.484 -7.911
10437.00 344.39 0.009 -8.484 -7.911
10446.40 344.30 0.010 -8.557 -7.979
10455.60 344.31 0.009 -8.557 -7.979
10463.60 344.38 0.009 -8.557 -7.979
10471.10 344.45 0.009 -8.630 -8.048
10479.30 344.47 0.009 -8.630 -8.048
10487.30 344.49 0.009 -8.703 -8.116
10495.10 344.51 0.009 -8.776 -8.184
10503.00 344.52 0.009 -8.776 -8.184
10511.80 344.47 0.009 -8.849 -8.252
10520.70 344.43 0.009 -8.992 -8.096
10528.70 344.43 0.009 -9.066 -8.163
10536.50 344.44 0.009 -9.141 -8.230
10544.40 344.48 0.009 -9.141 -8.230
10552.40 344.46 0.009 -9.215 -8.297
10560.10 344.48 0.009 -9.215 -8.297
10568.60 344.53 0.009 -9.434 -8.201
10577.20 344.50 0.009 -9.509 -8.266
10585.40 344.59 0.010 -9.509 -8.266
10593.30 344.65 0.009 -9.585 -8.332
10601.40 344.55 0.009 -9.805 -8.228
10609.40 344.57 0.009 -9.805 -8.228
10617.60 344.60 0.009 -9.882 -8.292
10625.20 344.61 0.008 -9.959 -8.356
10633.40 344.70 0.008 -10.103 -8.181
10641.50 344.69 0.008 -10.181 -8.244
10649.60 344.69 0.008 -10.181 -8.244
10657.80 344.71 0.008 -10.258 -8.307
10666.10 344.77 0.008 -10.258 -8.307
10674.30 344.76 0.008 -10.481 -8.188
10682.30 344.69 0.008 -10.481 -8.188
10690.80 344.73 0.008 -10.481 -8.188
10699.10 344.72 0.008 -10.559 -8.250
10707.90 344.71 0.008 -10.559 -8.250
10716.50 344.73 0.008 -10.559 -8.250
10725.30 344.80 0.008 -10.638 -8.311
10734.00 344.79 0.008 -10.638 -8.311
10741.90 344.80 0.008 -10.638 -8.311
10749.60 344.82 0.008 -10.861 -8.185
10757.80 344.89 0.008 -10.861 -8.185
10766.60 344.83 0.008 -10.861 -8.185
10775.00 344.79 0.008 -10.941 -8.245
10783.00 344.88 0.008 -10.941 -8.245
10790.70 344.87 0.008 -11.084 -8.053
10798.50 344.86 0.008 -11.084 -8.053
10806.30 344.89 0.008 -11.164 -8.111
10814.50 344.92 0.008 -11.164 -8.111
10822.80 344.90 0.008 -11.164 -8.111
10831.70 344.85 0.008 -11.164 -8.111
10839.90 344.81 0.009 -11.164 -8.111
10847.60 344.83 0.008 -11.164 -8.111
10855.40 344.98 0.008 -11.164 -8.111
10863.00 344.98 0.008 -11.164 -8.111
10870.80 344.93 0.009 -11.164 -8.111
10878.20 345.04 0.009 -11.164 -8.111
10886.00 345.05 0.009 -11.386 -7.973
10893.60 345.02 0.009 -11.386 -7.973
10901.50 345.09 0.010 -11.386 -7.973
10910.10 345.13 0.011 -11.386 -7.973
10917.80 345.18 0.011 -11.468 -8.030
10925.20 345.17 0.012 -11.607 -7.829
10933.00 345.15 0.012 -11.607 -7.829
10940.30 345.15 0.012 -11.607 -7.829
10948.30 345.25 0.012 -11.607 -7.829
10956.50 345.32 0.011 -11.741 -7.625
10964.10 345.31 0.011 -11.741 -7.625
10971.70 345.34 0.011 -11.741 -7.625
10979.80 345.36 0.011 -11.741 -7.625
10988.60 345.37 0.011 -11.741 -7.625
10997.10 345.49 0.010 -11.658 -7.570
11005.20 345.55 0.010 -11.658 -7.570
11012.90 345.50 0.010 -11.658 -7.570
11021.10 345.52 0.011 -11.574 -7.516
11029.90 345.55 0.011 -11.441 -7.717
11038.20 345.58 0.011 -11.441 -7.717
11046.20 345.60 0.011 -11.222 -7.858
11054.50 345.61 0.011 -11.222 -7.858
11063.00 345.66 0.010 -11.003 -7.994
11071.00 345.73 0.010 -10.861 -8.185
11079.40 345.78 0.009 -10.638 -8.311
11087.60 345.80 0.009 -10.638 -8.311
11096.00 345.81 0.009 -10.414 -8.433
11105.30 345.86 0.009 -10.265 -8.613
11114.40 345.86 0.009 -10.113 -8.791
11123.00 345.89 0.009 -9.958 -8.966
11131.60 345.96 0.009 -9.958 -8.966
11139.50 345.91 0.009 -9.800 -9.139
11146.50 345.93 0.009 -9.800 -9.139
11153.60 345.97 0.009 -9.711 -9.378
11161.00 345.99 0.009 -9.711 -9.378
11168.60 346.13 0.008 -9.783 -9.447
11176.00 346.21 0.008 -9.783 -9.447
11183.60 346.26 0.008 -9.855 -9.517
11191.80 346.24 0.009 -9.927 -9.586
11200.30 346.21 0.009 -9.999 -9.656
11208.20 346.31 0.010 -9.999 -9.656
11215.70 346.39 0.010 -10.071 -9.725
11223.30 346.45 0.012 -10.143 -9.795
11231.10 346.49 0.013 -10.385 -9.684
11239.00 346.47 0.014 -10.385 -9.684
11247.30 346.55 0.014 -10.458 -9.753
11255.10 346.65 0.014 -10.458 -9.753
11263.00 346.81 0.014 -10.458 -9.753
11270.70 347.01 0.015 -10.458 -9.753
11278.40 347.03 0.015 -10.458 -9.753
11286.20 346.92 0.015 -10.458 -9.753
11294.30 346.81 0.016 -10.458 -9.753
11303.10 346.79 0.016 -10.287 -9.934
11311.60 346.78 0.016 -10.358 -10.003
11319.20 346.77 0.016 -10.358 -10.003
11327.20 346.75 0.016 -10.358 -10.003
11335.20 346.78 0.017 -10.358 -10.003
11343.90 346.77 0.017 -10.182 -10.182
11352.10 346.78 0.017 -10.182 -10.182
11359.40 346.80 0.016 -10.182 -10.182
11366.90 346.82 0.016 -10.182 -10.182
11375.50 346.84 0.016 -10.253 -10.253
11384.20 346.87 0.016 -10.253 -10.253
11392.40 346.84 0.017 -10.073 -10.430
11400.30 346.86 0.017 -10.073 -10.430
11408.00 346.92 0.017 -10.073 -10.430
11415.90 346.91 0.017 -10.073 -10.430
11423.70 346.86 0.017 -10.142 -10.502
11431.60 346.81 0.017 -10.142 -10.502
11439.40 346.85 0.016 -10.142 -10.502
11447.20 346.86 0.016 -10.142 -10.502
11455.40 346.83 0.016 -10.142 -10.502
11464.00 346.86 0.017 -10.211 -10.574
11472.10 346.89 0.017 -10.394 -10.394
11479.70 346.88 0.018 -10.394 -10.394
11487.30 346.93 0.018 -10.394 -10.394
11494.90 346.93 0.018 -10.465 -10.465
11502.50 346.90 0.018 -10.465 -10.465
11510.70 346.89 0.018 -10.536 -10.536
11518.40 346.86 0.018 -10.536 -10.536
11526.60 346.88 0.018 -10.607 -10.607
11534.80 346.88 0.018 -10.790 -10.420
11542.60 346.90 0.018 -10.862 -10.489
11550.30 346.99 0.019 -10.934 -10.559
11558.00 346.95 0.019 -11.006 -10.628
11565.90 346.95 0.019 -11.078 -10.698
11574.00 346.94 0.019 -11.150 -10.767
11582.40 346.95 0.019 -11.150 -10.767
11590.70 346.98 0.019 -11.222 -10.837
11598.30 346.99 0.020 -11.294 -10.906
11605.80 346.99 0.020 -11.366 -10.976
11614.70 346.99 0.020 -11.438 -11.045
11622.70 347.02 0.020 -11.438 -11.045
11630.10 347.05 0.019 -11.509 -11.115
11638.30 347.10 0.019 -11.509 -11.115
11645.40 347.16 0.019 -11.509 -11.115
11652.00 347.21 0.018 -11.509 -11.115
11660.10 347.16 0.019 -11.702 -10.912
11668.10 347.16 0.019 -11.702 -10.912
11675.50 347.13 0.019 -11.702 -10.912
11683.40 347.10 0.019 -11.629 -10.844
11691.50 347.05 0.019 -11.629 -10.844
11699.00 347.08 0.019 -11.629 -10.844
11706.30 347.22 0.019 -11.555 -10.776
11713.70 347.28 0.019 -11.555 -10.776
11721.30 347.21 0.020 -11.482 -10.707
11728.70 347.22 0.020 -11.482 -10.707
11736.10 347.26 0.021 -11.409 -10.639
11743.90 347.21 0.021 -11.409 -10.639
11751.30 347.15 0.020 -11.336 -10.571
11758.30 347.22 0.020 -11.336 -10.571
11766.00 347.31 0.020 -11.078 -10.698
11773.60 347.30 0.020 -11.006 -10.628
11780.70 347.36 0.020 -11.006 -10.628
11788.10 347.49 0.020 -10.934 -10.559
11795.70 347.45 0.020 -10.862 -10.489
11802.90 347.38 0.019 -10.790 -10.420
11810.50 347.38 0.019 -10.718 -10.350
11818.20 347.32 0.019 -10.718 -10.350
11825.60 347.39 0.019 -10.646 -10.281
11832.90 347.45 0.019 -10.574 -10.211
11841.00 347.45 0.019 -10.502 -10.142
11848.70 347.44 0.018 -10.430 -10.073
11855.60 347.45 0.018 -10.358 -10.003
11863.00 347.49 0.017 -10.287 -9.934
11870.60 347.53 0.017 -10.287 -9.934
11877.60 347.53 0.016 -10.215 -9.864
11884.80 347.57 0.016 -10.143 -9.795
11892.00 347.62 0.016 -10.071 -9.725
11898.70 347.68 0.016 -9.999 -9.656
11906.30 347.67 0.015 -9.758 -9.758
11914.10 347.63 0.015 -9.687 -9.687
11921.10 347.63 0.015 -9.617 -9.617
11928.70 347.66 0.014 -9.546 -9.546
11936.40 347.70 0.014 -9.546 -9.546
11943.80 347.72 0.014 -9.475 -9.475
11951.30 347.72 0.013 -9.405 -9.405
11958.80 347.78 0.013 -9.334 -9.334
11966.50 347.77 0.013 -9.263 -9.263
11973.90 347.75 0.012 -9.263 -9.263
11981.10 347.76 0.012 -9.192 -9.192
11989.00 347.80 0.012 -9.031 -9.351
11996.50 347.82 0.012 -8.961 -9.279
12003.70 347.79 0.011 -8.892 -9.208
12011.10 347.79 0.011 -8.892 -9.208
12018.80 347.82 0.011 -8.661 -9.288
12026.10 347.84 0.011 -8.661 -9.288
12033.40 347.89 0.011 -8.498 -9.438
12040.80 347.89 0.011 -8.431 -9.364
12048.40 347.93 0.011 -8.266 -9.509
12056.50 347.97 0.011 -8.266 -9.509
12063.90 347.94 0.011 -8.099 -9.652
12071.10 348.01 0.011 -7.929 -9.792
12078.70 348.06 0.011 -7.992 -9.870
12086.20 348.05 0.011 -7.819 -10.008
12094.30 348.08 0.011 -7.703 -10.223
12102.50 348.14 0.011 -7.703 -10.223
12111.30 348.19 0.011 -7.582 -10.436
12121.20 348.17 0.011 -7.456 -10.649
12130.40 348.23 0.011 -7.514 -10.731
12139.20 348.32 0.011 -7.381 -10.943
12148.10 348.33 0.011 -7.244 -11.154
12156.40 348.41 0.011 -7.298 -11.238
12163.70 348.47 0.011 -7.101 -11.364
12171.80 348.53 0.011 -6.953 -11.572
12180.30 348.60 0.011 -6.750 -11.691
12188.50 348.60 0.011 -6.545 -11.807
12196.60 348.66 0.011 -6.338 -11.920
12204.70 348.69 0.011 -6.129 -12.029
12213.10 348.71 0.011 -5.918 -12.134
12221.80 348.70 0.011 -5.705 -12.235
12230.30 348.68 0.010 -5.450 -12.242
12239.10 348.67 0.010 -5.236 -12.335
12247.40 348.75 0.010 -4.982 -12.332
12255.00 348.86 0.010 -4.766 -12.417
12263.50 348.97 0.010 -4.549 -12.498
12272.10 349.07 0.009 -4.330 -12.575
12280.10 349.05 0.009 -4.079 -12.554
12288.60 349.09 0.009 -3.859 -12.623
12297.30 349.11 0.009 -3.638 -12.689
12306.10 349.23 0.009 -3.416 -12.750
12315.70 349.29 0.009 -3.218 -12.905
12324.70 349.41 0.008 -2.992 -12.959
12333.10 349.58 0.008 -2.786 -13.107
12342.20 349.67 0.007 -2.786 -13.107
12350.70 349.67 0.007 -2.576 -13.252
12360.10 349.71 0.007 -2.362 -13.393
12368.30 349.79 0.006 -2.379 -13.492
12375.20 349.79 0.006 -2.379 -13.492
12382.70 349.82 0.006 -2.396 -13.590
12390.30 349.89 0.006 -2.414 -13.689
12398.20 349.88 0.006 -2.414 -13.689
12406.30 349.98 0.006 -2.431 -13.787
12414.20 350.12 0.006 -2.431 -13.787
12421.40 350.20 0.006 -2.448 -13.886
12429.10 350.21 0.006 -2.448 -13.886
12437.10 350.24 0.007 -2.448 -13.886
12445.30 350.33 0.007 -2.466 -13.984
12453.40 350.38 0.007 -2.466 -13.984
12461.30 350.31 0.007 -2.466 -13.984
12469.50 350.34 0.008 -2.483 -14.083
12477.70 350.30 0.008 -2.483 -14.083
12486.20 350.28 0.008 -2.483 -14.083
12495.00 350.36 0.008 -2.748 -14.135
12503.00 350.34 0.008 -2.748 -14.135
12510.40 350.39 0.008 -2.748 -14.135
12517.90 350.43 0.008 -2.767 -14.234
12525.40 350.50 0.008 -2.767 -14.234
12533.70 350.45 0.008 -2.767 -14.234
12541.80 350.40 0.008 -2.767 -14.234
12549.90 350.42 0.008 -2.767 -14.234
12558.10 350.49 0.008 -2.767 -14.234
12565.60 350.49 0.008 -2.767 -14.234
12573.30 350.43 0.007 -2.767 -14.234
12580.40 350.40 0.007 -2.767 -14.234
12587.70 350.46 0.007 -2.767 -14.234
12594.90 350.49 0.007 -2.748 -14.135
12602.90 350.46 0.007 -2.748 -14.135
12610.70 350.44 0.007 -2.501 -14.181
12618.50 350.46 0.007 -2.501 -14.181
12626.40 350.50 0.008 -2.501 -14.181
12634.30 350.57 0.008 -2.501 -14.181
12642.00 350.54 0.008 -2.501 -14.181
12649.30 350.51 0.008 -2.501 -14.181
12657.00 350.54 0.008 -2.501 -14.181
12665.20 350.52 0.008 -2.483 -14.083
12673.10 350.46 0.008 -2.729 -14.037
12680.60 350.45 0.008 -2.729 -14.037
12688.30 350.56 0.008 -2.729 -14.037
12696.30 350.56 0.008 -2.973 -13.988
12704.70 350.50 0.008 -2.973 -13.988
12712.80 350.51 0.008 -3.217 -13.933
12720.20 350.55 0.008 -3.217 -13.933
12727.90 350.52 0.008 -3.459 -13.875
12735.70 350.52 0.008 -3.484 -13.972
12743.80 350.52 0.008 -3.727 -13.909
12751.60 350.56 0.008 -3.727 -13.909
12759.30 350.57 0.008 -3.701 -13.813
12766.50 350.50 0.008 -3.701 -13.813
12774.30 350.48 0.008 -3.942 -13.746
12782.90 350.52 0.008 -3.942 -13.746
12791.20 350.63 0.008 -3.942 -13.746
12799.10 350.69 0.008 -3.914 -13.650
12807.40 350.73 0.008 -4.152 -13.580
12815.60 350.77 0.008 -4.152 -13.580
12823.10 350.91 0.008 -4.152 -13.580
12830.70 350.94 0.008 -4.122 -13.484
12838.50 350.91 0.008 -4.357 -13.410
12846.20 350.87 0.008 -4.357 -13.410
12854.00 350.90 0.008 -4.357 -13.410
12861.80 350.97 0.008 -4.357 -13.410
12870.30 351.03 0.008 -4.326 -13.315
12879.10 351.07 0.008 -4.558 -13.237
12887.90 351.11 0.008 -4.558 -13.237
12896.20 351.18 0.008 -4.558 -13.237
12903.50 351.20 0.008 -4.558 -13.237
12911.20 351.21 0.008 -4.558 -13.237
12919.80 351.23 0.008 -4.558 -13.237
12928.30 351.27 0.008 -4.326 -13.315
12936.10 351.38 0.008 -4.326 -13.315
12943.40 351.54 0.008 -4.326 -13.315
12951.10 351.47 0.008 -4.357 -13.410
12958.60 351.46 0.008 -4.122 -13.484
12965.90 351.54 0.008 -4.122 -13.484
12973.70 351.56 0.008 -3.886 -13.554
12982.00 351.64 0.008 -3.886 -13.554
12990.10 351.80 0.008 -3.886 -13.554
12997.60 351.74 0.007 -3.675 -13.716
13005.50 351.70 0.007 -3.675 -13.716
13013.50 351.74 0.007 -3.435 -13.778
13021.10 351.80 0.007 -3.435 -13.778
13028.90 351.85 0.007 -3.194 -13.836
13037.00 351.87 0.007 -3.194 -13.836
13044.90 351.91 0.006 -3.194 -13.836
13053.30 351.99 0.006 -2.952 -13.890
13061.40 352.09 0.006 -2.952 -13.890
13069.20 352.06 0.006 -2.952 -13.890
13077.50 352.16 0.006 -2.952 -13.890
13085.80 352.38 0.006 -2.709 -13.939
13093.90 352.51 0.006 -2.709 -13.939
13102.00 352.64 0.006 -2.709 -13.939
13110.40 352.79 0.006 -2.709 -13.939
13118.70 352.78 0.006 -2.709 -13.939
13126.70 352.79 0.006 -2.709 -13.939
13134.70 352.97 0.006 -2.709 -13.939
13142.90 353.17 0.005 -2.709 -13.939
13150.70 353.42 0.005 -2.709 -13.939
13158.30 353.71 0.005 -2.709 -13.939
13166.20 353.76 0.005 -2.690 -13.841
13174.50 353.77 0.005 -2.690 -13.841
13183.20 353.80 0.005 -2.690 -13.841
13191.70 353.84 0.005 -2.690 -13.841
13199.80 353.92 0.005 -2.932 -13.792
13207.80 353.95 0.005 -2.911 -13.694
13215.50 353.91 0.005 -2.911 -13.694
13223.30 353.97 0.005 -2.911 -13.694
13231.40 353.98 0.005 -3.149 -13.641
13238.80 353.95 0.005 -3.149 -13.641
13246.50 354.01 0.005 -3.149 -13.641
13254.60 354.06 0.005 -3.149 -13.641
13263.90 354.06 0.005 -3.149 -13.641
13272.50 354.18 0.005 -3.387 -13.584
13280.10 354.23 0.005 -3.387 -13.584
13287.80 354.22 0.005 -3.387 -13.584
13295.50 354.19 0.005 -3.387 -13.584
13303.70 354.18 0.005 -3.598 -13.426
13311.70 354.24 0.005 -3.598 -13.426
13319.20 354.30 0.005 -3.598 -13.426
13326.80 354.28 0.005 -3.804 -13.265
13334.90 354.27 0.005 -3.804 -13.265
13342.80 354.30 0.005 -3.776 -13.169
13351.00 354.40 0.005 -4.005 -13.101
13359.30 354.38 0.005 -3.976 -13.006
13367.60 354.33 0.005 -3.976 -13.006
13375.10 354.32 0.005 -3.947 -12.910
13383.20 354.37 0.005 -3.947 -12.910
13391.10 354.43 0.005 -4.172 -12.839
13399.30 354.48 0.005 -4.172 -12.839
13407.20 354.47 0.005 -4.172 -12.839
13414.70 354.43 0.005 -4.172 -12.839
13422.30 354.43 0.005 -4.172 -12.839
13430.30 354.39 0.005 -4.172 -12.839
13438.20 354.40 0.005 -4.203 -12.934
13445.80 354.40 0.005 -4.203 -12.934
13453.40 354.43 0.005 -4.203 -12.934
13461.50 354.43 0.005 -4.203 -12.934
13469.70 354.41 0.005 -4.203 -12.934
13477.60 354.42 0.005 -4.203 -12.934
13486.10 354.41 0.005 -4.203 -12.934
13494.10 354.48 0.005 -4.203 -12.934
13502.30 354.47 0.005 -4.428 -12.859
13510.00 354.40 0.005 -4.428 -12.859
13518.20 354.40 0.005 -4.651 -12.780
13526.60 354.40 0.005 -4.651 -12.780
13534.50 354.43 0.005 -4.910 -12.790
13541.90 354.43 0.005 -4.910 -12.790
13550.30 354.47 0.005 -5.132 -12.702
13559.00 354.48 0.005 -5.132 -12.702
13567.50 354.49 0.005 -5.353 -12.611
13575.50 354.52 0.005 -5.532 -12.424
13583.30 354.59 0.005 -5.748 -12.326
13592.50 354.68 0.005 -5.705 -12.235
13601.40 354.84 0.004 -5.874 -12.044
13609.20 355.12 0.004 -6.083 -11.939
13617.70 355.31 0.004 -6.399 -11.545
13626.30 355.47 0.004 -6.550 -11.345
13634.40 355.57 0.004 -6.695 -11.143
13643.10 355.71 0.004 -6.783 -10.855
13651.30 355.80 0.004 -7.102 -10.529
13658.70 355.88 0.004 -7.170 -10.239
13666.60 356.14 0.004 -7.289 -10.032
13675.10 356.31 0.004 -7.511 -9.614
13684.50 356.42 0.003 -7.615 -9.403
13693.20 356.54 0.003 -7.649 -9.116
13701.40 356.75 0.003 -7.741 -8.906
13709.60 356.85 0.003 -7.762 -8.620
13717.90 356.93 0.003 -7.843 -8.411
13726.40 357.06 0.003 -7.775 -8.337
13735.70 357.16 0.003 -7.780 -8.057
13744.80 357.36 0.003 -7.711 -7.985
13753.60 357.42 0.003 -7.778 -7.778
13762.30 357.40 0.003 -7.637 -7.637
13771.10 357.42 0.003 -7.566 -7.566
13780.10 357.44 0.003 -7.495 -7.495
13788.60 357.44 0.003 -7.354 -7.354
13797.20 357.44 0.003 -7.283 -7.283
13806.30 357.38 0.003 -7.142 -7.142
13815.20 357.48 0.003 -7.071 -7.071
13823.30 357.54 0.003 -6.930 -6.930
13831.30 357.61 0.003 -6.788 -6.788
13840.00 357.63 0.003 -6.718 -6.718
13848.70 357.64 0.003 -6.576 -6.576
13857.30 357.69 0.003 -6.435 -6.435
13865.20 357.75 0.003 -6.293 -6.293
13873.70 357.79 0.003 -6.152 -6.152
13882.90 357.84 0.003 -6.081 -6.081
13891.20 357.87 0.003 -5.940 -5.940
13899.60 357.87 0.003 -5.798 -5.798
13908.10 357.97 0.003 -5.728 -5.728
13916.60 358.04 0.003 -5.657 -5.657
13925.00 358.03 0.003 -5.515 -5.515
13932.90 358.00 0.003 -5.349 -5.539
13941.10 358.01 0.003 -5.279 -5.467
13949.40 358.09 0.003 -5.210 -5.395
13957.60 358.06 0.003 -5.210 -5.395
13966.20 358.01 0.003 -5.047 -5.412
13975.00 358.08 0.003 -5.047 -5.412
13983.70 358.10 0.003 -4.979 -5.339
13992.30 358.14 0.003 -4.979 -5.339
14001.50 358.18 0.003 -4.885 -5.425
14010.30 358.22 0.003 -4.885 -5.425
14018.90 358.28 0.003 -4.885 -5.425
14027.40 358.32 0.003 -4.885 -5.425
14035.70 358.37 0.003 -4.885 -5.425
14044.60 358.42 0.003 -4.818 -5.351
14053.30 358.46 0.003 -4.818 -5.351
14060.80 358.55 0.003 -4.818 -5.351
14069.00 358.55 0.003 -4.818 -5.351
14077.20 358.55 0.003 -4.842 -5.193
14085.20 358.59 0.003 -4.774 -5.119
14093.30 358.56 0.003 -4.863 -5.035
14102.00 358.59 0.003 -4.793 -4.963
14110.60 358.73 0.003 -4.808 -4.808
14119.20 358.83 0.003 -4.820 -4.654
14127.70 358.90 0.003 -4.827 -4.501
14135.80 359.05 0.003 -4.830 -4.349
14144.30 359.13 0.003 -4.830 -4.199
14152.50 359.20 0.003 -4.826 -4.050
14160.70 359.26 0.003 -4.886 -3.817
14169.60 359.32 0.003 -4.935 -3.585
14177.50 359.40 0.003 -4.974 -3.355
14184.90 359.49 0.003 -4.948 -3.213
14193.40 359.67 0.003 -4.972 -2.987
14202.30 359.87 0.003 -4.985 -2.763
14211.20 360.08 0.003 -5.079 -2.588
14219.40 360.16 0.003 -5.075 -2.367
14226.70 360.13 0.003 -5.063 -2.149
14234.80 360.09 0.003 -5.135 -1.971
14242.90 360.11 0.003 -5.106 -1.758
14250.90 360.17 0.003 -5.068 -1.550
14259.60 360.23 0.003 -5.023 -1.346
14267.60 360.35 0.003 -4.969 -1.147
14276.20 360.51 0.003 -5.006 -0.973
14283.80 360.59 0.003 -4.938 -0.782
14291.20 360.62 0.003 -4.863 -0.597
14299.00 360.69 0.003 -4.782 -0.418
14307.90 360.83 0.003 -4.694 -0.246
14316.70 360.96 0.003 -4.599 -0.080
14323.70 360.92 0.003 -4.499 0.079
14331.00 360.83 0.003 -4.494 0.236
14339.70 360.83 0.003 -4.383 0.383
14348.70 360.98 0.003 -4.276 0.449
14357.10 361.15 0.003 -4.159 0.585
14365.30 361.18 0.003 -4.050 0.641
14373.50 361.21 0.003 -4.038 0.712
14381.40 361.19 0.003 -3.927 0.763
14389.50 361.27 0.003 -3.815 0.811
14397.60 361.29 0.003 -3.703 0.855
14406.10 361.28 0.003 -3.605 0.832
14414.10 361.32 0.003 -3.508 0.810
14422.40 361.33 0.003 -3.410 0.787
14430.00 361.28 0.003 -3.313 0.765
14437.80 361.28 0.003 -3.215 0.742
14445.60 361.40 0.003 -3.118 0.720
14453.20 361.38 0.003 -2.923 0.675
14461.60 361.39 0.003 -2.826 0.652
14469.80 361.43 0.003 -2.717 0.677
14477.90 361.44 0.003 -2.620 0.653
14486.10 361.40 0.003 -2.511 0.673
14494.40 361.42 0.003 -2.403 0.689
14502.50 361.48 0.003 -2.295 0.702
14510.20 361.52 0.003 -2.092 0.680
14518.00 361.52 0.003 -1.986 0.684
14526.50 361.55 0.003 -1.879 0.684
14534.10 361.59 0.003 -1.854 0.749
14540.70 361.61 0.003 -1.749 0.742
14548.10 361.58 0.003 -1.644 0.732
14556.30 361.66 0.003 -1.528 0.745
14564.50 361.79 0.003 -1.426 0.726
14572.30 361.90 0.003 -1.312 0.727
14579.90 362.00 0.003 -1.299 0.750
14587.70 362.06 0.003 -1.200 0.721
14595.50 362.07 0.003 -1.102 0.689
14603.30 362.19 0.003 -1.102 0.689
14611.60 362.30 0.003 -1.018 0.636
14619.70 362.29 0.003 -0.943 0.567
14627.70 362.24 0.003 -0.971 0.516
14636.10 362.29 0.003 -0.997 0.465
14643.70 362.30 0.003 -1.040 0.358
14650.90 362.31 0.003 -1.072 0.247
14658.50 362.29 0.003 -1.094 0.115
14666.20 362.28 0.003 -1.199 -0.042
14673.70 362.31 0.003 -1.284 -0.203
14681.90 362.41 0.003 -1.449 -0.388
14689.90 362.48 0.003 -1.597 -0.581
14697.00 362.55 0.003 -1.722 -0.803
14705.10 362.53 0.003 -1.854 -0.986
14713.40 362.66 0.003 -1.971 -1.185
14721.60 362.94 0.003 -2.073 -1.398
14729.30 363.04 0.003 -2.184 -1.587
14737.20 363.21 0.003 -2.285 -1.785
14745.30 363.34 0.003 -2.298 -1.928
14753.60 363.32 0.003 -2.378 -2.141
14761.90 363.34 0.003 -2.487 -2.319
14769.40 363.41 0.003 -2.518 -2.431
14777.10 363.57 0.003 -2.546 -2.546
14785.00 363.56 0.003 -2.640 -2.733
14793.70 363.57 0.003 -2.660 -2.852
14802.10 363.76 0.003 -2.728 -2.925
14810.90 363.98 0.003 -2.796 -2.999
14818.80 364.12 0.003 -2.810 -3.121
14826.20 364.12 0.003 -2.877 -3.196
14833.90 364.03 0.003 -3.011 -3.344
14842.00 364.05 0.003 -3.078 -3.418
14850.00 364.16 0.003 -3.083 -3.547
14857.90 364.23 0.003 -3.149 -3.623
14866.00 364.28 0.003 -3.214 -3.830
14873.90 364.29 0.003 -3.210 -3.963
14882.00 364.31 0.003 -3.335 -4.119
14889.70 364.36 0.003 -3.325 -4.255
14898.30 364.31 0.003 -3.370 -4.472
14906.90 364.35 0.003 -3.350 -4.611
14914.80 364.42 0.003 -3.384 -4.833
14922.70 364.34 0.003 -3.355 -4.974
14931.00 364.32 0.003 -3.377 -5.200
14939.30 364.34 0.003 -3.431 -5.284
14947.60 364.22 0.003 -3.444 -5.512
14955.50 364.27 0.003 -3.497 -5.597
14963.80 364.43 0.003 -3.451 -5.743
14972.30 364.51 0.003 -3.502 -5.829
14980.60 364.47 0.003 -3.450 -5.976
14988.90 364.44 0.003 -3.450 -5.976
14996.80 364.49 0.003 -3.394 -6.122
15004.20 364.53 0.003 -3.442 -6.210
15011.80 364.71 0.003 -3.491 -6.297
15020.50 364.82 0.003 -3.427 -6.446
15029.20 364.83 0.003 -3.521 -6.622
15037.60 364.74 0.003 -3.450 -6.772
15046.10 364.66 0.003 -3.496 -6.861
15054.60 364.59 0.003 -3.587 -7.039
15063.50 364.56 0.003 -3.632 -7.128
15071.40 364.56 0.003 -3.677 -7.217
15079.30 364.55 0.003 -3.723 -7.306
15087.90 364.54 0.003 -3.944 -7.417
15095.60 364.60 0.002 -4.121 -7.434
15103.80 364.85 0.002 -4.250 -7.361
15112.50 365.12 0.002 -4.557 -7.293
15121.70 365.66 0.002 -4.684 -7.213
15130.30 366.47 0.003 -4.933 -7.045
15139.10 366.75 0.003 -5.176 -6.868
15147.80 366.65 0.003 -5.412 -6.683
15156.20 366.69 0.003 -5.642 -6.491
15165.50 366.87 0.003 -5.974 -6.186
15174.80 366.90 0.002 -6.114 -5.905
15183.90 366.91 0.002 -6.242 -5.621
15193.10 367.08 0.002 -6.435 -5.399
15202.40 367.33 0.002 -6.540 -5.110
15211.80 367.68 0.002 -6.634 -4.820
15221.90 367.97 0.002 -6.715 -4.529
15232.00 368.17 0.002 -6.709 -4.357
15240.80 368.22 0.002 -6.772 -4.069
15248.70 368.19 0.002 -6.822 -3.782
15257.70 368.26 0.002 -6.772 -3.450
15267.30 368.34 0.002 -6.797 -3.170
15276.70 368.40 0.002 -6.812 -2.891
15285.80 368.36 0.002 -6.815 -2.616
15294.90 368.37 0.002 -6.848 -2.225
15304.40 368.48 0.002 -6.921 -1.985
15312.90 368.53 0.002 -6.889 -1.718
15320.80 368.56 0.002 -6.970 -1.355
15328.60 368.59 0.002 -7.013 -1.111
15337.70 368.65 0.002 -7.047 -0.865
15347.20 368.80 0.002 -7.061 -0.742
15355.40 368.93 0.002 -7.083 -0.495
15363.30 369.07 0.002 -7.090 -0.372
15372.20 369.16 0.002 -7.099 -0.124
15381.40 369.27 0.002 -7.100 0.000
15390.30 369.38 0.002 -7.099 0.124
15399.10 369.40 0.002 -7.096 0.248
15407.50 369.38 0.002 -7.090 0.372
15416.70 369.64 0.002 -7.083 0.495
15425.80 369.80 0.002 -7.073 0.619
15435.00 369.81 0.002 -7.061 0.742
15443.90 369.83 0.002 -7.047 0.865
15452.90 369.84 0.002 -7.031 0.988
15461.90 369.96 0.002 -6.894 1.216
15471.10 369.96 0.002 -6.871 1.336
15479.80 369.91 0.002 -6.723 1.552
15489.30 370.13 0.003 -6.598 1.645
15498.30 370.61 0.003 -6.440 1.847
15507.30 371.01 0.003 -6.277 2.040
15516.80 371.44 0.003 -6.051 2.084
15526.90 371.90 0.003 -5.788 2.222
15536.90 372.22 0.003 -5.563 2.248
15546.80 372.35 0.003 -5.299 2.359
15556.10 372.69 0.004 -5.075 2.367
15565.20 372.95 0.004 -4.764 2.323
15574.10 372.85 0.004 -4.584 2.236
15583.70 372.81 0.004 -4.366 2.225
15594.70 372.91 0.004 -4.099 2.088
15605.70 373.01 0.004 -3.920 1.998
15616.40 373.02 0.005 -3.742 1.907
15627.50 372.96 0.005 -3.595 1.753
15638.20 373.05 0.005 -3.415 1.666
15648.50 373.20 0.005 -3.263 1.521
15658.20 373.16 0.005 -3.106 1.383
15666.30 373.11 0.005 -2.923 1.302
15674.60 373.18 0.005 -2.854 1.211
15683.80 373.28 0.005 -2.689 1.086
15693.70 373.40 0.005 -2.503 1.011
15703.90 373.42 0.005 -2.334 0.896
15713.00 373.36 0.005 -2.147 0.824
15722.10 373.42 0.005 -1.973 0.718
15730.90 373.47 0.006 -1.785 0.650
15739.80 373.37 0.006 -1.607 0.553
15748.50 373.45 0.006 -1.418 0.488
15757.00 373.61 0.006 -1.236 0.402
15765.70 373.69 0.006 -1.057 0.303
15774.20 373.74 0.006 -0.877 0.202
15783.10 373.72 0.006 -0.691 0.110
15792.70 373.64 0.006 -0.000 -0.500
15800.90 373.58 0.006 -0.000 -0.300
15808.60 373.54 0.006 -0.000 -0.200
15816.90 373.60 0.006 -0.000 -0.300
15825.50 373.69 0.006 -0.000 -0.500
15834.00 373.83 0.006 0.327 -0.503
15842.20 373.97 0.006 0.493 -0.630
15849.90 374.22 0.006 0.643 -0.766
15857.90 374.44 0.006 0.736 -0.817
15866.00 374.58 0.006 0.870 -0.966
15873.50 374.79 0.006 1.023 -1.097
15881.00 375.15 0.007 1.071 -1.189
15888.90 375.60 0.007 1.204 -1.338
15896.80 375.70 0.007 1.247 -1.434
15904.60 375.79 0.007 1.350 -1.609
15912.10 376.04 0.007 1.354 -1.734
15918.60 376.06 0.007 1.352 -1.861
15925.70 376.02 0.007 1.342 -1.990
15933.00 376.12 0.007 1.325 -2.120
15941.00 376.20 0.007 1.212 -2.187
15948.90 376.20 0.007 1.140 -2.337
15956.60 376.30 0.007 1.016 -2.393
15964.30 376.42 0.007 0.846 -2.458
15972.00 376.61 0.007 0.673 -2.511
15979.80 376.92 0.007 0.496 -2.552
15987.10 377.40 0.007 0.317 -2.581
15994.40 377.97 0.008 0.136 -2.596
16002.30 378.25 0.008 -0.045 -2.600
16010.60 378.39 0.008 -0.235 -2.690
16019.50 378.43 0.008 -0.376 -2.674
16026.40 378.47 0.008 -0.486 -2.757
16033.10 378.63 0.008 -0.582 -2.739
16040.40 378.80 0.008 -0.652 -2.826
16048.50 379.01 0.008 -0.726 -2.911
16056.10 379.23 0.008 -0.750 -3.008
16063.40 379.28 0.008 -0.828 -3.091
16071.20 379.33 0.008 -0.880 -3.284
16079.50 379.49 0.008 -0.906 -3.381
16087.60 379.64 0.008 -0.932 -3.477
16095.20 379.78 0.008 -0.958 -3.574
16103.30 379.85 0.008 -1.047 -3.653
16111.30 379.97 0.008 -1.140 -3.730
16119.60 380.07 0.008 -1.236 -3.804
16127.70 380.23 0.008 -1.402 -3.853
16135.60 380.57 0.008 -1.536 -3.801
16144.80 381.09 0.008 -1.668 -3.746
16153.60 381.67 0.008 -1.797 -3.685
16161.20 381.87 0.008 -1.925 -3.620
16169.10 381.92 0.008 -2.112 -3.514
16178.00 382.01 0.008 -2.179 -3.355
16186.00 382.10 0.008 -2.292 -3.155
16193.70 382.11 0.007 -2.340 -2.994
16201.20 382.10 0.007 -2.427 -2.792
16208.90 382.15 0.007 -2.455 -2.633
16216.60 382.34 0.007 -2.518 -2.431
16224.20 382.62 0.007 -2.452 -2.208
16231.70 382.84 0.007 -2.487 -2.014
16239.30 382.86 0.007 -2.476 -1.866
16246.80 382.96 0.007 -2.487 -1.678
16254.00 383.16 0.007 -2.486 -1.494
16261.40 383.35 0.006 -2.472 -1.315
16268.80 383.44 0.006 -2.467 -1.098
16276.90 383.60 0.006 -2.427 -0.932
16284.50 383.88 0.006 -2.486 -0.760
16292.40 384.07 0.006 -2.436 -0.562
16300.10 384.12 0.006 -2.476 -0.348
16307.90 384.11 0.006 -2.594 -0.181
16316.00 384.09 0.005 -2.600 0.000
16324.70 384.21 0.005 -2.690 0.235
16332.70 384.28 0.005 -2.766 0.438
16340.10 384.14 0.005 -2.837 0.603
16348.10 384.17 0.005 -2.884 0.827
16356.70 384.51 0.005 -2.931 1.009
16364.60 384.92 0.005 -3.060 1.236
16372.10 385.56 0.005 -3.106 1.383
16379.50 386.19 0.005 -3.236 1.578
16386.90 386.66 0.005 -3.267 1.737
16395.10 386.81 0.005 -3.411 1.891
16403.00 386.92 0.005 -3.429 2.060
16410.90 387.19 0.005 -3.562 2.226
16419.30 387.79 0.005 -3.606 2.342
16427.80 388.16 0.005 -3.731 2.516
16436.10 388.16 0.005 -3.814 2.572
16444.40 388.31 0.005 -3.932 2.753
16452.60 388.68 0.005 -4.045 2.939
16460.10 388.83 0.005 -4.153 3.129
16468.70 388.89 0.005 -4.255 3.325
16476.90 389.12 0.005 -4.352 3.524
16485.10 389.30 0.005 -4.366 3.664
16493.70 389.48 0.005 -4.453 3.871
16501.50 389.80 0.005 -4.533 4.082
16509.30 389.95 0.005 -4.608 4.297
16517.20 390.07 0.005 -4.604 4.446
16525.20 390.12 0.004 -4.596 4.596
16533.60 390.16 0.004 -4.585 4.748
16542.20 390.03 0.004 -4.501 4.827
16550.40 390.01 0.004 -4.330 4.981
16558.20 390.20 0.004 -4.242 5.056
16566.50 390.24 0.004 -4.063 5.201
16574.10 390.17 0.004 -3.912 5.191
16582.00 390.20 0.004 -3.671 5.243
16590.40 390.19 0.004 -3.486 5.367
16599.10 390.44 0.004 -3.338 5.343
16607.60 390.68 0.003 -3.100 5.369
16615.90 390.81 0.003 -2.957 5.335
16623.60 391.17 0.003 -2.724 5.346
16631.80 391.62 0.003 -2.630 5.393
16639.70 391.79 0.003 -2.400 5.390
16647.40 391.84 0.003 -2.305 5.431
16655.40 391.84 0.003 -2.114 5.508
16663.20 391.99 0.003 -1.984 5.450
16670.90 392.25 0.003 -1.921 5.579
16678.80 392.38 0.003 -1.725 5.642
16686.70 392.41 0.003 -1.626 5.671
16694.60 392.43 0.003 -1.427 5.725
16702.50 392.47 0.003 -1.350 5.846
16710.30 392.53 0.003 -1.164 5.988
16718.50 392.60 0.002 -0.954 6.025
16727.10 392.64 0.002 -0.863 6.140
16735.00 392.98 0.002 -0.659 6.265
16742.10 393.46 0.002 -0.558 6.376
16750.60 393.75 0.002 -0.335 6.391
16759.20 394.02 0.002 -0.227 6.496
16767.80 394.16 0.002 -0.115 6.599
16776.00 394.20 0.002 0.000 6.600
16783.90 394.22 0.002 0.117 6.699
16792.30 394.16 0.002 0.237 6.796
16800.80 394.25 0.002 0.237 6.796
16809.00 394.56 0.002 0.361 6.891
16816.90 394.61 0.002 0.361 6.891
16825.00 394.55 0.002 0.481 6.883
16832.80 394.49 0.002 0.488 6.983
16840.50 394.44 0.002 0.488 6.983
16848.00 394.39 0.002 0.610 6.973
16856.30 394.37 0.002 0.610 6.973
16864.30 394.42 0.002 0.610 6.973
16872.70 394.51 0.002 0.610 6.973
16881.30 394.45 0.002 0.721 6.862
16889.80 394.38 0.002 0.721 6.862
16897.40 394.39 0.002 0.711 6.763
16905.50 394.54 0.002 0.700 6.663
16914.40 394.66 0.002 0.690 6.564
16923.50 394.76 0.002 0.679 6.464
16931.10 394.83 0.002 0.659 6.265
16938.80 394.91 0.002 0.648 6.166
16948.00 395.09 0.002 0.638 6.067
16956.30 395.07 0.002 0.514 5.878
16963.80 395.04 0.002 0.506 5.778
16971.60 394.99 0.002 0.391 5.586
16980.00 395.09 0.002 0.384 5.487
16988.20 395.45 0.002 0.277 5.293
16996.70 395.60 0.002 0.272 5.193
17005.60 395.61 0.002 0.174 4.997
17013.00 395.69 0.002 0.168 4.797
17020.60 395.64 0.002 0.082 4.699
17028.30 395.55 0.002 0.079 4.499
17036.30 395.57 0.002 0.075 4.299
17044.50 395.69 0.002 0.143 4.098
17052.40 395.68 0.002 0.140 3.998
17059.90 395.63 0.002 0.199 3.795
17067.30 395.81 0.002 0.251 3.591
17075.40 395.86 0.002 0.366 3.481
17082.90 396.00 0.002 0.414 3.375
17090.00 396.20 0.002 0.501 3.161
17096.80 396.34 0.002 0.592 3.043
17103.90 396.52 0.002 0.726 2.911
17112.00 396.89 0.002 0.799 2.788
17119.20 397.09 0.002 0.912 2.647
17126.50 397.13 0.002 0.974 2.411
17135.30 397.28 0.002 1.057 2.266
17143.70 397.37 0.002 1.127 2.119
17151.20 397.37 0.002 1.166 1.866
17159.10 397.44 0.002 1.176 1.618
17166.80 397.56 0.002 1.181 1.358
17174.90 397.73 0.002 1.243 1.159
17184.10 397.89 0.002 1.214 0.882
17192.90 397.84 0.002 1.236 0.657
17201.50 397.97 0.002 1.236 0.402
17210.70 398.25 0.002 1.287 0.181
17219.40 398.34 0.002 1.300 -0.023
17227.60 398.28 0.002 1.383 -0.219
17236.40 398.50 0.002 1.449 -0.388
17245.00 398.84 0.002 1.513 -0.521
17253.10 399.12 0.002 1.576 -0.637
17261.30 399.19 0.002 1.644 -0.732
17270.10 399.14 0.002 1.736 -0.773
17279.20 399.25 0.002 1.827 -0.813
17287.50 399.30 0.002 1.827 -0.813
17295.90 399.42 0.002 1.918 -0.854
17304.40 399.56 0.002 2.025 -0.860
17312.10 399.78 0.002 2.117 -0.899
17320.20 399.98 0.002 2.209 -0.938
17328.90 400.28 0.002 2.209 -0.938
17336.50 400.59 0.002 2.284 -1.017
17344.20 400.84 0.002 2.337 -1.140
17353.20 401.09 0.002 2.274 -1.261
17361.40 401.25 0.002 2.264 -1.471
17369.70 401.35 0.002 2.236 -1.685
17378.10 401.35 0.002 2.155 -1.940
17386.50 401.37 0.002 2.046 -2.194
17394.60 401.63 0.002 1.970 -2.522
17402.60 401.94 0.002 1.852 -2.851
17410.50 402.07 0.002 1.690 -3.179
17418.30 402.46 0.002 1.546 -3.471
17425.80 402.86 0.002 1.302 -3.782
17433.40 403.33 0.002 1.158 -4.037
17441.80 404.05 0.002 0.915 -4.304
17450.80 404.71 0.002 0.720 -4.543
17459.30 405.31 0.002 0.502 -4.774
17467.40 405.90 0.002 0.262 -4.993
17475.30 406.40 0.002 -0.000 -5.200
17483.30 406.77 0.002 -0.188 -5.397
17491.60 406.94 0.002 -0.479 -5.479
17500.00 406.95 0.002 -0.695 -5.658
17508.70 406.95 0.002 -1.025 -5.810
17517.80 406.95 0.001 -1.247 -5.869
17526.30 407.03 0.001 -1.500 -6.016
17534.70 407.21 0.001 -1.764 -6.152
17543.90 407.56 0.001 -2.116 -6.146
17552.20 407.73 0.001 -2.365 -6.162
17560.40 407.90 0.001 -2.618 -6.167
17568.50 408.11 0.001 -2.832 -6.072
17576.70 408.63 0.001 -3.192 -6.004
17586.20 409.23 0.001 -3.502 -5.829
17595.40 409.60 0.001 -3.747 -5.555
17604.50 410.04 0.001 -4.032 -5.351
17613.70 410.47 0.001 -4.242 -5.056
17623.20 410.64 0.001 -4.585 -4.748
17633.60 410.91 0.001 -4.905 -4.416
17642.40 411.21 0.001 -5.201 -4.063
17650.70 411.45 0.001 -5.535 -3.595
17660.50 411.92 0.001 -5.772 -3.200
17669.00 412.39 0.001 -6.072 -2.832
17677.60 412.71 0.001 -6.305 -2.547
17686.60 412.95 0.001 -6.562 -2.132
17695.50 413.22 0.001 -6.761 -1.812
17704.00 413.43 0.001 -6.945 -1.476
17712.10 413.79 0.001 -7.091 -1.250
17720.80 414.51 0.001 -7.246 -0.890
17729.40 415.16 0.001 -7.359 -0.774
17737.90 415.40 0.001 -7.482 -0.523
17746.50 415.65 0.001 -7.490 -0.393
17754.10 415.92 0.001 -7.495 -0.262
17762.40 415.92 0.001 -7.495 -0.262
17770.90 415.77 0.001 -7.399 -0.129
17779.40 415.77 0.001 -7.399 -0.129
17787.30 415.96 0.001 -7.395 -0.258
17795.30 416.13 0.001 -7.296 -0.255
17803.40 416.29 0.001 -7.290 -0.382
17811.70 416.58 0.001 -7.182 -0.502
17819.70 417.14 0.001 -7.173 -0.628
17827.80 417.56 0.001 -7.260 -0.763
17835.90 417.69 0.001 -7.246 -0.890
17844.20 417.88 0.001 -7.328 -1.030
17853.10 418.02 0.001 -7.309 -1.158
17860.80 418.13 0.001 -7.408 -1.173
17867.40 418.39 0.001 -7.485 -1.320
17875.20 418.98 0.001 -7.583 -1.337
17882.50 419.34 0.001 -7.657 -1.488
17890.50 419.54 0.001 -7.755 -1.507
17898.00 419.67 0.001 -7.755 -1.507
17905.00 419.73 0.001 -7.755 -1.507
17912.60 419.76 0.001 -7.755 -1.507
17920.50 419.91 0.001 -7.727 -1.643
17928.40 420.17 0.001 -7.630 -1.622
17936.10 420.35 0.001 -7.532 -1.601
17943.00 420.67 0.001 -7.308 -1.687
17949.60 421.01 0.001 -7.083 -1.766
17957.00 421.48 0.001 -6.889 -1.718
17965.60 421.94 0.001 -6.537 -1.874
17972.90 422.14 0.001 -6.312 -1.930
17980.10 422.26 0.001 -5.992 -1.947
17988.30 422.44 0.001 -5.732 -2.086
17996.20 422.76 0.001 -5.378 -2.173
18003.70 422.94 0.001 -5.116 -2.278
18011.40 423.06 0.001 -4.811 -2.452
18018.30 423.60 0.001 -4.548 -2.521
18025.70 423.93 0.001 -4.372 -2.627
18032.70 423.99 0.001 -4.193 -2.723
18040.10 424.30 0.001 -4.062 -2.740
18047.00 424.69 0.001 -3.932 -2.753
18053.60 425.09 0.001 -3.883 -2.821
18060.70 425.49 0.001 -3.833 -2.889
18068.20 425.61 0.001 -3.833 -2.889
18075.90 425.90 0.001 -3.833 -2.889
18083.30 426.25 0.001 -3.913 -2.949
18089.90 426.34 0.002 -4.045 -2.939
18097.50 426.36 0.002 -4.126 -2.998
18106.10 426.48 0.002 -4.207 -3.056
18112.60 426.59 0.001 -4.288 -3.115
18119.90 426.67 0.001 -4.423 -3.097
18127.40 426.71 0.001 -4.505 -3.155
18134.10 426.80 0.001 -4.669 -3.269
18140.50 426.84 0.001 -4.751 -3.327
18148.40 426.90 0.001 -4.891 -3.299
18155.80 427.02 0.001 -4.974 -3.355
18163.60 427.21 0.001 -5.140 -3.467
18171.30 427.48 0.001 -5.284 -3.431
18178.60 427.95 0.001 -5.367 -3.486
18186.60 428.43 0.001 -5.451 -3.540
18193.80 428.81 0.001 -5.597 -3.497
18200.30 429.11 0.001 -5.767 -3.603
18207.60 429.37 0.001 -5.914 -3.554
18215.20 429.33 0.001 -5.914 -3.554
18222.00 429.44 0.001 -6.062 -3.500
18230.20 429.69 0.001 -6.210 -3.442
18238.60 429.79 0.001 -6.210 -3.442
18246.40 429.75 0.001 -6.269 -3.333
18253.50 429.76 0.001 -6.237 -3.178
18261.20 430.05 0.001 -6.237 -3.178
18269.50 430.43 0.001 -6.202 -3.025
18277.40 430.88 0.001 -6.072 -2.832
18285.20 431.37 0.001 -5.982 -2.789
18293.50 431.66 0.001 -5.847 -2.603
18301.50 431.77 0.001 -5.615 -2.383
18309.70 432.07 0.001 -5.470 -2.210
18318.00 432.47 0.001 -5.321 -2.043
18326.60 432.96 0.001 -5.168 -1.881
18335.60 433.79 0.001 -4.917 -1.693
18344.10 434.55 0.001 -4.782 -1.462
18352.50 434.98 0.001 -4.614 -1.323
18361.40 435.26 0.001 -4.463 -1.113
18369.60 435.49 0.001 -4.287 -0.990
18378.20 435.37 0.001 -4.123 -0.801
18386.40 435.25 0.001 -3.951 -0.626
18394.90 435.36 0.001 -3.772 -0.463
18403.00 435.47 0.001 -3.580 -0.376
18411.90 435.51 0.001 -3.392 -0.237
18421.20 435.60 0.001 -3.198 -0.112
18430.00 435.60 0.001 -2.900 -0.051
18438.80 435.59 0.001 -2.600 0.045
18447.50 435.74 0.001 -2.399 0.084
18456.80 436.00 0.001 -2.095 0.146
18466.50 436.08 0.001 -1.790 0.188
18475.10 436.26 0.001 -1.489 0.183
18483.30 436.57 0.001 -1.188 0.167
18492.10 436.87 0.001 -0.889 0.141
18501.40 437.22 0.000 -0.691 0.110
18510.80 437.46 0.000 -0.000 -0.500
18520.90 437.48 0.001 -0.000 -0.300
18530.10 437.66 0.000 -0.000 -0.300
18539.10 437.94 0.000 -0.000 -0.300
18548.50 438.33 0.000 -0.000 -0.400
18557.40 439.18 0.001 -0.000 -0.500
18566.90 439.89 0.001 -0.504 -0.486
18576.40 440.11 0.001 -0.699 -0.566
18585.30 440.51 0.001 -0.912 -0.615
18595.70 441.00 0.001 -1.212 -0.700
18606.60 441.25 0.001 -1.528 -0.745
18615.50 441.60 0.001 -1.841 -0.781
18624.10 441.68 0.001 -2.255 -0.821
18633.70 442.20 0.001 -2.568 -0.834
18644.20 443.11 0.001 -2.980 -0.854
18653.80 444.05 0.001 -3.396 -0.847
18663.60 444.38 0.001 -3.800 -0.877
18672.70 444.41 0.001 -4.123 -0.801
18682.30 444.51 0.001 -4.530 -0.799
18692.30 445.06 0.001 -4.826 -0.851
18702.70 445.55 0.001 -5.235 -0.829
18712.80 445.75 0.001 -5.531 -0.876
18723.60 445.87 0.001 -5.827 -0.923
18733.90 446.10 0.001 -6.140 -0.863
18743.40 446.55 0.001 -6.437 -0.905
18752.70 446.67 0.001 -6.635 -0.932
18762.50 446.75 0.001 -6.932 -0.974
18773.60 446.74 0.001 -7.146 -0.877
18783.80 446.84 0.001 -7.345 -0.902
18793.80 446.94 0.001 -7.558 -0.794
18804.50 447.09 0.001 -7.770 -0.680
18815.20 447.45 0.001 -7.870 -0.689
18825.90 447.77 0.001 -7.981 -0.558
18836.20 448.00 0.001 -8.089 -0.424
18846.20 448.19 0.001 -8.195 -0.286
18856.50 448.53 0.001 -8.199 -0.143
18866.60 448.90 0.001 -8.300 0.000
18877.10 449.27 0.001 -8.299 0.145
18887.60 449.70 0.001 -8.189 0.429
18897.70 450.13 0.001 -8.180 0.572
18907.50 450.59 0.001 -8.169 0.715
18917.20 450.87 0.001 -8.139 0.999
18927.50 451.11 0.001 -8.021 1.127
18937.40 451.31 0.001 -8.000 1.267
18948.40 451.54 0.001 -7.951 1.546
18959.80 451.61 0.001 -8.021 1.705
18969.10 452.00 0.001 -7.956 1.984
18978.20 452.27 0.001 -8.017 2.148
18987.60 452.36 0.001 -8.171 2.343
18996.90 452.40 0.001 -8.224 2.514
19006.00 452.65 0.001 -8.369 2.719
19015.90 452.98 0.001 -8.604 2.963
19026.70 453.00 0.001 -8.739 3.181
19036.50 452.96 0.001 -9.021 3.283
19046.20 452.99 0.001 -9.242 3.548
19056.70 453.28 0.001 -9.523 3.655
19066.80 453.59 0.001 -9.643 3.896
19075.40 453.64 0.001 -9.849 4.181
19084.30 453.74 0.001 -10.126 4.298
19095.00 454.00 0.001 -10.232 4.555
19105.70 454.25 0.001 -10.332 4.818
19114.90 454.50 0.001 -10.426 5.085
19123.90 454.75 0.001 -10.514 5.357
19133.20 455.27 0.001 -10.507 5.587
19141.70 455.76 0.001 -10.495 5.818
19151.40 455.99 0.001 -10.392 6.000
19161.60 456.04 0.001 -10.177 6.359
19171.60 456.09 0.001 -9.980 6.481
19180.90 456.15 0.001 -9.866 6.654
19190.40 456.27 0.001 -9.666 6.768
19199.20 456.32 0.001 -9.465 6.877
19208.00 456.58 0.001 -9.184 6.921
19217.70 456.85 0.001 -8.983 7.019
19227.60 457.09 0.001 -8.704 7.048
19237.50 457.12 0.001 -8.503 7.135
19247.40 457.09 0.001 -8.226 7.151
19256.70 457.21 0.001 -7.952 7.160
19266.50 457.33 0.001 -7.752 7.229
19276.10 457.37 0.001 -7.481 7.224
19285.40 457.38 0.001 -7.212 7.212
19294.20 457.35 0.001 -6.947 7.193
19303.10 457.32 0.001 -6.684 7.167
19312.90 457.60 0.001 -6.424 7.134
19322.20 457.95 0.001 -6.167 7.094
19331.50 457.98 0.001 -5.914 7.048
19340.90 458.26 0.001 -5.664 6.994
19349.40 458.52 0.001 -5.418 6.934
19358.00 458.52 0.001 -5.115 6.788
19366.80 458.58 0.001 -4.995 6.629
19375.90 458.73 0.001 -4.761 6.553
19384.50 459.08 0.001 -4.474 6.389
19394.20 459.21 0.001 -4.250 6.301
19403.90 459.40 0.001 -4.138 6.135
19411.70 459.62 0.001 -3.921 6.038
19419.40 459.86 0.001 -3.812 5.871
19428.80 459.90 0.001 -3.704 5.703
19438.30 460.06 0.001 -3.649 5.619
19446.60 460.21 0.001 -3.540 5.451
19455.50 460.32 0.001 -3.579 5.306
19464.40 460.29 0.001 -3.556 5.079
19473.80 460.20 0.001 -3.585 4.935
19482.50 460.33 0.001 -3.694 4.728
19491.50 460.51 0.001 -3.871 4.453
19499.50 460.80 0.001 -3.956 4.242
19507.70 461.47 0.001 -4.172 4.029
19516.30 461.85 0.001 -4.377 3.805
19524.20 461.94 0.001 -4.570 3.571
19533.70 462.16 0.001 -4.833 3.384
19542.70 462.68 0.001 -5.032 3.268
19551.50 463.19 0.001 -5.229 3.142
19560.70 463.31 0.001 -5.423 3.006
19570.50 463.33 0.001 -5.474 2.911
19579.20 463.33 0.001 -5.563 2.958
19587.80 463.89 0.001 -5.563 2.958
19596.80 464.88 0.001 -5.474 2.911
19606.10 465.92 0.001 -5.335 2.957
19616.10 466.69 0.001 -5.143 3.090
19625.20 467.15 0.001 -4.919 3.074
19634.40 467.38 0.001 -4.643 3.131
19644.40 467.90 0.001 -4.288 3.115
19653.30 468.60 0.001 -3.886 3.147
19661.90 469.06 0.001 -3.493 3.145
19671.50 469.34 0.001 -3.165 3.056
19681.10 469.54 0.001 -2.728 2.925
19689.70 469.71 0.001 -2.378 2.834
19698.80 470.10 0.001 -1.986 2.635
19707.90 470.54 0.001 -1.721 2.457
19717.30 470.91 0.001 -1.471 2.264
19726.50 470.96 0.001 -1.307 2.013
19734.50 470.99 0.001 -1.144 1.761
19744.60 471.40 0.001 -1.058 1.456
19754.50 471.96 0.001 -1.050 1.208
19762.20 472.46 0.001 -1.072 0.900
19769.70 473.31 0.001 -1.236 0.657
19779.10 473.84 0.001 -1.352 0.362
19789.40 474.08 0.001 -1.498 0.079
19797.50 474.39 0.001 -1.790 -0.188
19806.00 475.31 0.001 -1.956 -0.416
19815.30 476.39 0.001 -2.295 -0.702
19824.40 476.90 0.001 -2.553 -0.879
19834.10 476.80 0.001 -2.801 -1.075
19843.00 476.79 0.001 -3.152 -1.274
19851.90 476.89 0.001 -3.406 -1.446
19861.40 477.06 0.001 -3.682 -1.563
19870.80 477.42 0.001 -3.866 -1.641
19879.80 477.66 0.001 -4.142 -1.758
19889.10 477.84 0.001 -4.326 -1.836
19897.40 477.98 0.001 -4.450 -1.798
19906.50 478.30 0.001 -4.636 -1.873
19915.80 478.79 0.001 -4.729 -1.910
19925.10 479.33 0.001 -4.914 -1.985
19935.60 480.08 0.001 -5.007 -2.023
19945.00 480.83 0.001 -5.100 -2.060
19953.80 480.98 0.001 -5.192 -2.098
19963.40 481.00 0.001 -5.285 -2.135
19973.10 481.07 0.001 -5.339 -2.266
19982.10 481.36 0.001 -5.431 -2.305
19991.50 481.86 0.001 -5.481 -2.440
20001.30 482.20 0.001 -5.528 -2.578
